freq,int_water,int_deu,cluster
2830.58882000,0.00011947,0.00012069,0
2889.47821000,0.00036651,0.00034256,0
2893.36443000,0.00006484,0.00006571,0
2919.49511000,0.00005475,0.00005620,1
3048.94447000,0.00061687,0.00057191,0
3058.91037000,0.00032712,0.00029775,0
3087.31794000,0.00004209,0.00004337,1
3104.25758000,0.00063464,0.00060623,0
3199.57733000,0.00014645,0.00013335,0
3231.27508000,0.00005537,0.00005106,0
3232.40757000,0.00005553,0.00005856,1
3241.94431000,0.00006978,0.00006399,0
3376.77002000,0.00025773,0.00024126,0
3404.85573000,0.00061424,0.00056770,0
3594.01703000,0.00005320,0.00005900,1
3594.02895000,0.00005515,0.00005906,1
3603.12462000,0.00071661,0.00065987,0
3620.64838000,0.00014291,0.00013058,0
3630.91230000,0.00004914,0.00004887,0
3631.65140000,0.00004167,0.00004379,1
3646.36183000,0.00159295,0.00150014,0
3659.54638000,0.00851003,0.00809043,0
3664.29090000,0.00042337,0.00039448,0
3685.92739000,0.00005834,0.00005324,0
3689.31293000,0.00065946,0.00062817,0
3703.90415000,0.00004315,0.00004164,0
3703.95184000,0.00005244,0.00005147,0
3704.07104000,0.00014551,0.00014786,0
3704.19025000,0.02826636,0.02626309,0
3704.32138000,0.00016445,0.00015870,0
3704.35715000,0.00009225,0.00008678,0
3704.44059000,0.00005123,0.00005113,0
3704.48828000,0.00004557,0.00004293,0
3707.64732000,0.00011710,0.00011656,0
3735.49461000,0.00014672,0.00014867,0
3738.90400000,0.00009768,0.00009406,0
3748.69108000,0.00763628,0.00724997,0
3776.38340000,0.00006874,0.00007593,1
3787.81557000,0.00007178,0.00007166,0
3787.82749000,0.00007239,0.00007157,0
3842.86642000,0.00024066,0.00022470,0
3842.87834000,0.00024348,0.00022483,0
4075.65832000,0.00006640,0.00006505,0
4174.07751000,0.00004039,0.00004286,1
4213.34505000,0.00004830,0.00004662,0
4251.32513000,0.00004877,0.00005409,1
4294.39545000,0.00016268,0.00017690,1
4308.80785000,0.00007708,0.00007241,0
4309.16548000,0.00094421,0.00088284,0
4309.17740000,0.00096601,0.00090370,0
4412.36496000,0.00004696,0.00005077,1
4460.82354000,0.00011090,0.00010552,0
4473.18554000,0.00096732,0.00088871,0
4475.53396000,0.00043649,0.00041747,0
4493.05773000,0.00009998,0.00010471,1
4503.53622000,0.00009892,0.00010287,1
4537.41550000,0.00005022,0.00005336,1
4537.42743000,0.00005091,0.00005092,0
4556.08368000,0.00137848,0.00132299,0
4573.45247000,0.00005129,0.00004810,0
4582.81040000,0.00005107,0.00004936,0
4653.08428000,0.00009712,0.00009232,0
4653.73993000,0.00010040,0.00009877,0
4657.38773000,0.00004071,0.00004249,1
4662.97865000,0.00020146,0.00019257,0
4668.48612000,0.00005549,0.00005099,0
4685.89067000,0.00006347,0.00005958,0
4704.05817000,0.00008903,0.00009148,1
4704.46348000,0.00010416,0.00010779,1
4704.47540000,0.00010132,0.00010818,1
4718.91165000,0.00006181,0.00005762,0
4719.97261000,0.00037881,0.00035610,0
4719.98453000,0.00037924,0.00035827,0
4735.81553000,0.00005332,0.00004893,0
4736.35197000,0.00008084,0.00007512,0
4806.26822000,0.00005492,0.00005060,0
4858.73222000,0.00006967,0.00006611,0
4862.64229000,0.00009794,0.00009112,0
4905.74837000,0.00006290,0.00005890,0
4907.95374000,0.00010081,0.00011042,1
4928.17163000,0.00016088,0.00016978,1
4984.54571000,0.00017864,0.00017365,0
4994.13013000,0.00012122,0.00012642,1
4994.80963000,0.00009991,0.00011093,1
4999.99523000,0.00009238,0.00008853,0
5030.04789000,0.00048104,0.00044434,0
5077.66008000,0.00090829,0.00084804,0
5177.92702000,0.00025631,0.00023665,0
5257.96413000,0.00007535,0.00008003,1
5316.40053000,0.00019445,0.00019834,0
5323.88687000,0.00048309,0.00044006,0
5375.85020000,0.00007155,0.00007233,0
5379.76027000,0.00010666,0.00009839,0
5398.85759000,0.00008463,0.00008123,0
5404.41275000,0.00103533,0.00100725,0
5430.69839000,0.00023569,0.00022651,0
5445.63532000,0.00004192,0.00004432,1
5446.29097000,0.00005594,0.00005661,0
5468.84537000,0.00294785,0.00276802,0
5488.71756000,0.00005740,0.00005646,0
5488.75332000,0.00009502,0.00009637,0
5488.87253000,0.01601790,0.01546643,0
5489.02750000,0.00004939,0.00005141,1
5495.72706000,0.00078425,0.00077559,0
5505.62143000,0.00004425,0.00004048,0
5510.95009000,0.00005527,0.00005827,1
5511.62958000,0.00022259,0.00020639,0
5533.70714000,0.00067821,0.00066747,0
5554.22306000,0.00021089,0.00019712,0
5554.23498000,0.00021647,0.00020222,0
5555.52244000,0.00006624,0.00007101,1
5555.72510000,0.04284222,0.04039768,0
5555.96352000,0.00006485,0.00007063,1
5555.97544000,0.00007371,0.00008134,1
5561.20872000,0.00020751,0.00021669,1
5571.10310000,0.00007508,0.00007067,0
5579.74577000,0.00005048,0.00005418,1
5597.68677000,0.00061635,0.00058979,0
5601.76373000,0.00005744,0.00006297,1
5619.44246000,0.00004721,0.00004713,0
5622.81609000,0.00007387,0.00007428,0
5622.93530000,0.01365317,0.01345842,0
5652.58265000,0.00012122,0.00011220,0
5672.60981000,0.00053689,0.00049311,0
5695.21189000,0.00010693,0.00011727,1
5704.68903000,0.00112614,0.00106378,0
5780.07698000,0.00006878,0.00006463,0
5788.11169000,0.00005172,0.00005102,0
5813.67016000,0.00006809,0.00006886,0
5844.78378000,0.00008452,0.00007993,0
5912.95958000,0.00014538,0.00013856,0
5920.88699000,0.00118125,0.00114794,0
5969.50054000,0.00005752,0.00005578,0
5969.89393000,0.00004997,0.00005293,1
5972.89801000,0.00010118,0.00011057,1
5981.26650000,0.00300959,0.00326297,1
5983.74605000,0.00008375,0.00008234,0
5998.63529000,0.00061563,0.00064746,1
6354.09355000,0.00027036,0.00028174,1
6375.15783000,0.00069508,0.00076960,1
6395.76912000,0.00010551,0.00010949,1
6396.10291000,0.00025146,0.00026019,1
6396.16251000,0.00026916,0.00027320,0
6396.26980000,0.00005392,0.00005240,0
6396.31748000,0.00006719,0.00006724,0
6396.32940000,0.00006666,0.00006829,0
6396.55590000,0.00010753,0.00009992,0
6396.80624000,0.00008107,0.00008815,1
6514.07242000,0.00004777,0.00004966,1
6514.08434000,0.00004991,0.00004944,0
6521.77334000,0.00017145,0.00017479,0
6527.73380000,0.00005946,0.00006109,1
6565.21320000,0.00024473,0.00023099,0
6565.89270000,0.00022409,0.00022063,0
6578.24278000,0.00060883,0.00057706,0
6579.02956000,0.00005318,0.00005790,1
6601.75085000,0.00006460,0.00005993,0
6621.36078000,0.00007090,0.00007860,1
6632.47108000,0.00052351,0.00052789,0
6632.48301000,0.00055191,0.00055614,0
6632.70950000,0.00063244,0.00059454,0
6708.41932000,0.00099844,0.00099964,0
6756.34146000,0.00006792,0.00006446,0
6756.61564000,0.00004630,0.00004469,0
6756.97327000,0.00006559,0.00006517,0
6756.98519000,0.00006790,0.00006370,0
6816.36333000,0.00006249,0.00006015,0
6816.37526000,0.00006430,0.00006296,0
6837.39185000,0.00013690,0.00014183,1
6848.43063000,0.00011767,0.00011781,0
6906.74782000,0.00227882,0.00214898,0
6910.81285000,0.00007013,0.00006503,0
6910.83670000,0.00007369,0.00007301,0
6916.16535000,0.00020929,0.00020492,0
6916.17727000,0.00020955,0.00020594,0
6931.32877000,0.00858753,0.00831477,0
6936.12099000,0.00041662,0.00040428,0
6936.13291000,0.00043647,0.00042545,0
7005.39351000,0.00008406,0.00008458,0
7033.74147000,0.00006508,0.00006309,0
7041.12053000,0.00028558,0.00026792,0
7064.95047000,0.00028915,0.00027822,0
7076.06077000,0.00032256,0.00035204,1
7205.39093000,0.00081788,0.00082491,0
7210.11162000,0.00005895,0.00006505,1
7228.35064000,0.00098261,0.00097387,0
7240.20004000,0.00004555,0.00004792,1
7240.42654000,0.00023686,0.00024593,1
7248.31820000,0.00012139,0.00012285,0
7264.36377000,0.00013815,0.00013003,0
7264.37569000,0.00014454,0.00013647,0
7268.44072000,0.00102054,0.00096748,0
7272.35079000,0.00014086,0.00013020,0
7289.60037000,0.00004787,0.00005162,1
7290.12489000,0.00010702,0.00010672,0
7290.13681000,0.00010770,0.00010722,0
7290.48252000,0.00229128,0.00218026,0
7291.90111000,0.00005949,0.00005937,0
7317.98410000,0.00005466,0.00005477,0
7318.13908000,0.01484343,0.01488245,0
7318.29405000,0.00005111,0.00004912,0
7326.29299000,0.00060586,0.00060773,0
7347.09501000,0.00007041,0.00006970,0
7347.17846000,0.00006523,0.00006470,0
7347.41688000,0.00017452,0.00017216,0
7347.42880000,0.00017675,0.00017189,0
7365.60822000,0.00005417,0.00005070,0
7377.77948000,0.00070612,0.00069657,0
7405.36451000,0.00068059,0.00066365,0
7405.37643000,0.00071333,0.00069696,0
7405.86519000,0.00004560,0.00004327,0
7405.91288000,0.00008338,0.00007803,0
7406.06785000,0.02602750,0.02407257,0
7406.07977000,0.02649340,0.02451591,0
7406.22282000,0.00007800,0.00007547,0
7407.71294000,0.00077708,0.00078270,0
7414.43634000,0.00019711,0.00019418,0
7436.01322000,0.00009169,0.00008629,0
7624.73345000,0.00007057,0.00006697,0
7770.99133000,0.00013381,0.00013712,0
7870.39995000,0.00007199,0.00007770,1
