population ranking 0
slope 0.9443865808562091
intercept 0.0
r2 0.9995011307750686
arctan 0.7568039209842662
n_points 1425

x y
5.56418140e-05 5.43929647e-05
5.43922419e-05 5.13665396e-05
7.06787345e-05 6.66497977e-05
9.13350083e-05 8.87474938e-05
1.08641334e-04 1.07848139e-04
1.19474010e-04 1.20686468e-04
9.77390749e-05 9.10535775e-05
6.62642663e-05 6.66012212e-05
6.79050987e-05 6.41039092e-05
1.19239661e-04 1.12154675e-04
1.81299345e-04 1.70138934e-04
2.46632579e-04 2.31083780e-04
3.05494290e-04 2.85912096e-04
3.47992760e-04 3.25429754e-04
3.66507898e-04 3.42555749e-04
3.57650958e-04 3.34129359e-04
3.23155012e-04 3.01735062e-04
2.69414530e-04 2.51285911e-04
2.05820171e-04 1.91497519e-04
1.42410631e-04 1.31729864e-04
8.75564514e-05 7.98534178e-05
5.80992863e-05 5.50146051e-05
6.35183612e-05 6.24071714e-05
6.48426298e-05 6.57066616e-05
7.12855199e-05 6.53913533e-05
6.43335181e-05 6.06524013e-05
5.34047197e-05 5.24163771e-05
5.41241512e-05 5.46916493e-05
4.98469181e-05 4.94713389e-05
4.26146568e-05 4.14917274e-05
6.02299760e-05 5.48819971e-05
4.07252424e-04 3.72572410e-04
5.07821923e-04 4.67123864e-04
5.82104578e-04 5.37785732e-04
6.16872097e-04 5.71914517e-04
6.05735419e-04 5.63243085e-04
5.50815120e-04 5.13518700e-04
4.62177631e-04 4.32022979e-04
3.55222467e-04 3.33132649e-04
2.46847460e-04 2.32696656e-04
1.51567046e-04 1.44345424e-04
7.87077811e-05 7.68048627e-05
4.40575295e-05 4.20072779e-05
8.25602192e-05 7.70104719e-05
1.33190184e-04 1.22846652e-04
1.91156124e-04 1.75187448e-04
2.48766922e-04 2.27116130e-04
2.96902212e-04 2.70474558e-04
3.27123207e-04 2.97747013e-04
3.33801507e-04 3.03941625e-04
3.15603533e-04 2.87891805e-04
2.75854125e-04 2.52564717e-04
2.21659612e-04 2.04278003e-04
1.62071311e-04 1.51077533e-04
1.05869788e-04 1.00792295e-04
5.96441034e-05 5.93709617e-05
4.13644404e-05 4.08855779e-05
5.52102642e-05 5.12215848e-05
8.09754408e-05 7.73692596e-05
1.55810772e-04 1.48795761e-04
2.54566808e-04 2.42978723e-04
3.67862876e-04 3.51090743e-04
4.80629122e-04 4.58784820e-04
5.75037738e-04 5.49057534e-04
6.34642024e-04 6.06233727e-04
6.48509831e-04 6.19914445e-04
6.14072996e-04 5.87676491e-04
5.37790166e-04 5.15677256e-04
4.33416723e-04 4.16983436e-04
3.18443100e-04 3.08169856e-04
2.09824785e-04 2.05263339e-04
1.20287842e-04 1.20252213e-04
5.92808523e-05 5.95694250e-05
8.62223993e-05 8.22401874e-05
1.12282522e-04 1.04152974e-04
1.33236710e-04 1.21854479e-04
1.45379704e-04 1.32245523e-04
1.46450321e-04 1.33353514e-04
1.36215112e-04 1.24855293e-04
1.16528014e-04 1.08186211e-04
9.08485109e-05 8.61962086e-05
6.33738602e-05 6.24535843e-05
5.53735256e-05 5.10645481e-05
5.09670703e-05 4.83869419e-05
4.32154881e-05 4.27907246e-05
5.16526999e-05 5.19175310e-05
4.43797116e-05 4.37576148e-05
6.97764007e-05 6.39883230e-05
6.68527851e-05 6.25148527e-05
5.96881111e-05 5.68725375e-05
4.94832241e-05 4.80419443e-05
7.78259801e-05 7.36074305e-05
1.23257407e-04 1.15191902e-04
1.70856607e-04 1.59177130e-04
2.13569430e-04 1.99025173e-04
2.44321758e-04 2.28094523e-04
2.57731029e-04 2.41256365e-04
2.51474039e-04 2.36214590e-04
2.26888749e-04 2.14112375e-04
1.88621158e-04 1.79229056e-04
1.43428589e-04 1.37861025e-04
9.85128960e-05 9.67369299e-05
4.28953591e-05 4.03467232e-05
9.85283142e-05 9.31968656e-05
1.79466420e-04 1.68982368e-04
2.80558304e-04 2.62796841e-04
3.90476886e-04 3.64179583e-04
4.93473008e-04 4.58652581e-04
5.72703401e-04 5.30750078e-04
6.14241354e-04 5.67701858e-04
6.10588614e-04 5.62676797e-04
5.62607263e-04 5.16578785e-04
4.79267093e-04 4.37822750e-04
4.85357423e-05 4.82295846e-05
6.55848533e-05 6.14406865e-05
8.07954096e-05 7.36375995e-05
7.12957374e-05 6.49168130e-05
4.30615079e-05 4.27755657e-05
5.26468075e-04 4.80322386e-04
6.31154066e-04 5.78628464e-04
6.98575298e-04 6.42324166e-04
7.16605904e-04 6.59866478e-04
6.81981348e-04 6.28059707e-04
6.01165955e-04 5.52869362e-04
4.88672841e-04 4.47831846e-04
3.63367918e-04 3.30571317e-04
4.95851958e-05 4.65410241e-05
1.02172045e-04 9.33487870e-05
8.97809938e-05 8.26327613e-05
7.23934309e-05 6.70610985e-05
5.27920852e-05 4.92270779e-05
6.19668691e-05 6.26035394e-05
8.94257945e-05 8.68649502e-05
1.14562404e-04 1.08611553e-04
1.33391966e-04 1.24101230e-04
1.42910955e-04 1.30584465e-04
4.78425909e-05 4.45420880e-05
4.91446963e-05 4.88721194e-05
4.34896372e-05 4.41635022e-05
1.32779686e-03 1.23329246e-03
1.50772249e-03 1.41437618e-03
1.59295350e-03 1.50013543e-03
1.56406299e-03 1.47475055e-03
1.42398117e-03 1.34307978e-03
1.19703595e-03 1.12933282e-03
9.22278026e-04 8.70739249e-04
6.43281118e-04 6.08216745e-04
3.97649360e-04 3.76894688e-04
2.09333032e-04 1.99211657e-04
8.56793583e-05 8.22824814e-05
1.11859406e-04 1.08368153e-04
4.68374407e-04 4.50106278e-04
1.15053625e-03 1.09862099e-03
2.18725934e-03 2.08301942e-03
3.53311823e-03 3.36072529e-03
5.05430246e-03 4.80517832e-03
6.54487372e-03 6.22119364e-03
7.76777746e-03 7.38376927e-03
8.51003437e-03 8.09043384e-03
8.63610962e-03 8.21197729e-03
8.12309952e-03 7.72601471e-03
7.06666384e-03 6.72281849e-03
5.65583845e-03 5.38158159e-03
4.12472921e-03 3.92465340e-03
2.69610270e-03 2.56398034e-03
1.53364721e-03 1.45569206e-03
7.15832899e-04 6.75178850e-04
2.37134612e-04 2.18516092e-04
4.82058035e-05 4.86557814e-05
1.14117594e-04 1.14241212e-04
1.81781113e-04 1.76902685e-04
2.57573574e-04 2.46626465e-04
3.30785492e-04 3.13341698e-04
3.89476847e-04 3.65830172e-04
4.23366218e-04 3.94477286e-04
4.26438094e-04 3.93767622e-04
3.98448307e-04 3.63729213e-04
4.28511298e-05 4.22955067e-05
5.83402160e-05 5.32397346e-05
5.69147990e-05 5.56032815e-05
9.98106048e-05 9.15311122e-05
9.27943051e-05 8.67518493e-05
8.32259355e-05 7.94111092e-05
7.20452410e-05 7.01477367e-05
6.01587205e-05 5.96147785e-05
4.84503937e-05 4.85212575e-05
2.27671861e-04 2.07198498e-04
3.35609778e-04 3.13276881e-04
4.49760715e-04 4.24396841e-04
5.52899226e-04 5.24295569e-04
6.27388001e-04 5.96467506e-04
6.59455194e-04 6.28165731e-04
6.42740428e-04 6.13672957e-04
5.79988282e-04 5.55816705e-04
4.82352375e-04 4.65244057e-04
3.66535280e-04 3.57683320e-04
2.50668198e-04 2.50050768e-04
4.31537622e-05 4.16360049e-05
5.24389409e-05 5.14650620e-05
4.77139746e-05 4.57975659e-05
1.45512520e-04 1.47863577e-04
1.75329302e-04 1.73317782e-04
1.42556498e-03 1.30672792e-03
3.60403980e-03 3.32958939e-03
6.96420748e-03 6.45086918e-03
1.13803751e-02 1.05544515e-02
1.64307715e-02 1.52490434e-02
2.14442613e-02 1.99113583e-02
2.56313243e-02 2.38076569e-02
2.82663594e-02 2.62630856e-02
2.88688471e-02 2.68300992e-02
2.73279902e-02 2.54045019e-02
2.39316352e-02 2.22526312e-02
1.92903384e-02 1.79411047e-02
1.41807433e-02 1.31914907e-02
9.35711058e-03 8.70521760e-03
5.38736381e-03 5.01108086e-03
2.55855578e-03 2.37712411e-03
8.72872504e-04 8.06693194e-04
1.65529762e-04 1.51576064e-04
1.64446062e-04 1.58696504e-04
7.48837691e-05 7.40503275e-05
9.22523338e-05 8.67843867e-05
6.06792807e-05 6.05300477e-05
5.12296350e-05 5.11295695e-05
4.16881934e-05 4.09523148e-05
4.55701774e-05 4.29301926e-05
5.08406448e-05 4.81190207e-05
8.67079081e-05 8.79800923e-05
1.05596497e-04 1.05849552e-04
1.17096332e-04 1.16557050e-04
1.20049602e-04 1.18895501e-04
1.14893774e-04 1.13225630e-04
1.03187431e-04 1.01099400e-04
8.70219654e-05 8.47076170e-05
6.85600586e-05 6.63751619e-05
4.97896993e-05 4.82219456e-05
1.06728833e-04 9.76660620e-05
1.46717374e-04 1.48667817e-04
1.50231852e-04 1.50597709e-04
1.43266855e-04 1.42208461e-04
1.27116314e-04 1.24970039e-04
1.04691304e-04 1.01908451e-04
7.97560993e-05 7.68352763e-05
5.59823845e-05 5.34073810e-05
6.44465391e-05 6.45875141e-05
7.98131479e-05 7.79771067e-05
9.16264686e-05 8.83783669e-05
9.76755625e-05 9.40643596e-05
9.67283613e-05 9.40126574e-05
8.88705154e-05 8.81845150e-05
1.07993152e-04 1.03431956e-04
4.54008256e-04 4.31431525e-04
1.09042524e-03 1.03500540e-03
2.04237312e-03 1.93867279e-03
3.26355512e-03 3.09846574e-03
4.62853950e-03 4.39500550e-03
5.94947493e-03 5.64952563e-03
7.01424564e-03 6.66027463e-03
7.63628206e-03 7.24996927e-03
7.70152750e-03 7.31047412e-03
7.19812574e-03 6.83096458e-03
6.21947767e-03 5.90069688e-03
4.93971561e-03 4.68552391e-03
3.56938003e-03 3.38561576e-03
2.30504662e-03 2.18750471e-03
1.28781358e-03 1.22464839e-03
5.81794370e-04 5.57058145e-04
1.77642013e-04 1.74320955e-04
5.64446573e-05 5.75545520e-05
6.61272493e-05 6.66526930e-05
7.17756413e-05 7.16553247e-05
7.23922978e-05 7.15661320e-05
6.78648997e-05 6.62727121e-05
5.89919564e-05 5.65792466e-05
4.72896191e-05 4.40093625e-05
1.43720588e-04 1.41625457e-04
1.86098137e-04 1.78901987e-04
2.20342990e-04 2.08353364e-04
2.40655874e-04 2.24701821e-04
2.43476852e-04 2.24834808e-04
2.28411600e-04 2.08637012e-04
4.55645918e-05 4.24052862e-05
4.27116330e-05 4.04815642e-05
5.69008016e-05 5.35882086e-05
1.03083492e-04 9.74329656e-05
1.62516687e-04 1.52467830e-04
2.29178812e-04 2.13105263e-04
2.94032245e-04 2.71213047e-04
3.46830760e-04 3.17744730e-04
3.78493882e-04 3.44826205e-04
7.01332595e-05 6.51296761e-05
5.00764953e-05 5.04259076e-05
5.92082227e-05 5.94444360e-05
6.50197576e-05 6.46419174e-05
6.64022620e-05 6.50537209e-05
6.30066854e-05 6.05545586e-05
5.53557796e-05 5.19081872e-05
4.37934572e-05 4.08442661e-05
4.38613719e-05 4.27270406e-05
4.78830343e-05 4.61420636e-05
4.82961462e-05 4.66163180e-05
4.50529570e-05 4.40436518e-05
6.04235686e-05 5.78641923e-05
4.83697964e-05 4.71398870e-05
6.03993265e-05 5.86421233e-05
7.05598578e-05 6.75057535e-05
7.70779014e-05 7.24120625e-05
7.89052411e-05 7.27913776e-05
5.31793075e-05 5.04271297e-05
1.25441954e-04 1.16215523e-04
2.36463091e-04 2.18659928e-04
3.82360921e-04 3.54405888e-04
5.49474082e-04 5.10781335e-04
7.15837156e-04 6.67129757e-04
8.55439950e-04 7.98803063e-04
9.44210688e-04 8.82839071e-04
9.66008494e-04 9.03696932e-04
9.16798582e-04 8.57300613e-04
8.05700828e-04 7.52120898e-04
6.52582598e-04 6.06955442e-04
4.82963380e-04 4.46116382e-04
3.21820393e-04 2.93532893e-04
1.20383671e-04 1.09684350e-04
9.03927736e-05 8.98803227e-05
5.11913730e-05 4.75957818e-05
4.42406478e-05 4.45693903e-05
7.53583475e-05 6.96386276e-05
9.26416495e-05 8.67847500e-05
1.05253653e-04 9.95008874e-05
1.10899606e-04 1.05524790e-04
1.08485183e-04 1.03744979e-04
9.83615889e-05 9.44506266e-05
8.22066013e-05 7.92264287e-05
6.26029269e-05 6.05472563e-05
4.24527181e-05 4.12114073e-05
8.93509689e-05 9.14053485e-05
1.88831438e-04 1.83850971e-04
3.26570467e-04 3.10527451e-04
4.91583318e-04 4.61184222e-04
6.63558392e-04 6.17225027e-04
8.16436043e-04 7.55053013e-04
9.24207964e-04 8.51332779e-04
9.67315004e-04 8.88711258e-04
9.37705839e-04 8.60273616e-04
8.40962163e-04 7.71340933e-04
6.94806319e-04 6.38042257e-04
5.24467746e-04 4.83123173e-04
3.56377927e-04 3.30315487e-04
2.12138265e-04 1.98984506e-04
1.04526834e-04 1.00578627e-04
1.45439970e-04 1.33114676e-04
2.18719444e-04 2.04359071e-04
2.95832098e-04 2.79295291e-04
3.65201661e-04 3.46829924e-04
4.15100911e-04 3.95754083e-04
4.36492729e-04 4.17471437e-04
4.25337729e-04 4.08182696e-04
3.83639066e-04 3.69842321e-04
3.18900901e-04 3.09595132e-04
2.42185974e-04 2.37888292e-04
1.65392680e-04 1.65864362e-04
7.37437850e-05 7.46507721e-05
6.78518662e-05 6.41499760e-05
1.02351914e-04 1.04228515e-04
9.64830272e-05 9.60022057e-05
8.37644154e-05 8.13238944e-05
6.68093570e-05 6.26412281e-05
8.55963844e-05 8.76919264e-05
7.03695799e-05 7.19237000e-05
5.09053886e-05 5.09155113e-05
4.74888130e-05 4.53785918e-05
2.63343672e-04 2.42120185e-04
4.53624269e-04 4.24903431e-04
6.83717395e-04 6.47431081e-04
9.26559216e-04 8.83171651e-04
1.14640130e-03 1.09701553e-03
1.30659510e-03 1.25298082e-03
1.37847721e-03 1.32298826e-03
1.34870588e-03 1.29407868e-03
1.22276594e-03 1.17181977e-03
1.02353012e-03 9.78818500e-04
7.85334855e-04 7.48813022e-04
5.45437020e-04 5.18207385e-04
3.35467189e-04 3.17640502e-04
1.75350031e-04 1.66010664e-04
7.12911351e-05 6.84146484e-05
7.12956757e-05 6.57266904e-05
5.49885607e-05 5.31407370e-05
5.12938304e-05 4.81006374e-05
5.11728143e-05 4.92960592e-05
4.78889311e-05 4.67168652e-05
4.20860226e-05 4.10085615e-05
5.10666009e-05 4.93574984e-05
5.05631929e-05 4.63989318e-05
4.64686920e-05 4.66590490e-05
6.56896422e-05 6.21105624e-05
9.14740964e-05 8.36989433e-05
7.11713105e-05 6.59805445e-05
5.15560958e-05 4.88486443e-05
5.07485168e-05 4.99403026e-05
8.60784296e-05 8.19187749e-05
1.09471343e-04 1.00129951e-04
9.71213201e-05 9.23211580e-05
8.77550382e-05 8.98857205e-05
6.39560250e-05 6.39109421e-05
8.09378823e-05 7.97927130e-05
9.37618434e-05 9.21803834e-05
1.00401313e-04 9.87670955e-05
9.97982046e-05 9.83129498e-05
9.21188205e-05 9.09312909e-05
7.87282616e-05 7.80316605e-05
6.18804740e-05 6.19309764e-05
4.42047372e-05 4.52492771e-05
6.34748723e-05 6.25194123e-05
9.68614082e-05 9.52653636e-05
1.32511537e-04 1.29659111e-04
1.65246921e-04 1.60614369e-04
1.89668160e-04 1.82925350e-04
2.01460124e-04 1.92566695e-04
1.98490371e-04 1.87758942e-04
1.81352754e-04 1.69452277e-04
1.53186878e-04 1.41073634e-04
5.54885944e-05 5.09908211e-05
5.17163748e-05 4.81908123e-05
4.46167815e-05 4.24190401e-05
5.77835518e-05 5.67621508e-05
6.31337839e-05 5.98870953e-05
6.34652322e-05 5.95849481e-05
5.88590099e-05 5.60635483e-05
5.02839787e-05 5.00093014e-05
6.12168341e-05 6.13346181e-05
1.86101760e-04 1.71482129e-04
5.22621445e-05 4.80498696e-05
7.09910562e-05 6.73906477e-05
8.75971464e-05 8.55872720e-05
9.93207485e-05 9.98274681e-05
8.35237310e-05 8.08650608e-05
1.18213176e-04 1.09429429e-04
8.39304357e-05 8.05090966e-05
4.57566579e-05 4.38975311e-05
5.53678117e-05 5.20921671e-05
6.11100851e-05 5.70213959e-05
6.18061514e-05 5.76210821e-05
5.72934642e-05 5.36376112e-05
4.84812537e-05 4.57551043e-05
1.69652772e-04 1.54711615e-04
2.36719806e-04 2.18364266e-04
3.00580508e-04 2.79442355e-04
3.50882417e-04 3.28157795e-04
3.78810681e-04 3.56095363e-04
3.79243142e-04 3.58272046e-04
3.52034229e-04 3.34387447e-04
3.02047788e-04 2.88894868e-04
2.37933525e-04 2.29878762e-04
1.70014938e-04 1.67084051e-04
1.07907499e-04 1.09691596e-04
4.37933381e-05 4.14698230e-05
5.33165299e-05 4.89278442e-05
4.90009671e-05 4.87856816e-05
8.08418953e-05 7.51228263e-05
4.63756166e-05 4.52296304e-05
4.43808346e-05 4.12653570e-05
4.49552247e-05 4.56792126e-05
4.33100293e-05 4.13480953e-05
5.05684205e-05 4.75189770e-05
5.49176621e-05 5.05956156e-05
1.74697173e-04 1.72438897e-04
7.54764994e-05 7.72460833e-05
6.78559544e-05 6.20964708e-05
6.96677761e-05 6.61059220e-05
6.61047647e-05 6.50911888e-05
5.78790792e-05 5.91352943e-05
4.37285571e-05 4.06001895e-05
9.79423617e-05 9.11238833e-05
9.68361252e-05 9.22309920e-05
8.87223822e-05 8.55595431e-05
7.58114052e-05 7.28444850e-05
6.05494308e-05 5.67604756e-05
4.48010566e-05 4.09157004e-05
1.16351498e-04 1.14885462e-04
1.93904522e-04 1.86377823e-04
2.85256905e-04 2.74422961e-04
3.79014638e-04 3.73796201e-04
5.13641772e-05 4.85109776e-05
5.95747502e-05 5.54608348e-05
6.28988431e-05 5.89018476e-05
6.06460107e-05 5.81632976e-05
5.33099617e-05 5.33907014e-05
4.74577478e-05 4.33234665e-05
8.49137780e-05 7.78731661e-05
1.18570388e-04 1.10397575e-04
1.50217076e-04 1.41535087e-04
1.75107552e-04 1.66547177e-04
1.89255439e-04 1.81406469e-04
1.90414755e-04 1.83789749e-04
1.78640586e-04 1.73653715e-04
1.56252939e-04 1.53214758e-04
1.27217848e-04 1.26344234e-04
9.61462754e-05 9.75729846e-05
8.70045142e-05 8.08535150e-05
9.23824156e-05 8.85305043e-05
9.11750800e-05 8.95840294e-05
8.38507760e-05 8.38640036e-05
7.20179327e-05 7.25138760e-05
5.79991069e-05 5.76402000e-05
4.42352759e-05 4.17523232e-05
3.91285243e-04 3.57827300e-04
4.51012587e-04 4.14721175e-04
4.81036758e-04 4.44340610e-04
4.75862986e-04 4.41271470e-04
4.36521225e-04 4.06160953e-04
3.70282787e-04 3.45529829e-04
2.88751125e-04 2.70050113e-04
2.04929972e-04 1.91840609e-04
1.30170963e-04 1.21620917e-04
7.18869440e-05 6.65581926e-05
1.40270130e-04 1.38028277e-04
2.54284003e-04 2.44690602e-04
3.99325702e-04 3.79750023e-04
5.60221670e-04 5.28942235e-04
7.14691579e-04 6.71526743e-04
8.37898712e-04 7.84509426e-04
9.08287124e-04 8.48036843e-04
9.13000218e-04 8.50376894e-04
8.51215171e-04 7.90954396e-04
7.34344620e-04 6.80490326e-04
5.83044456e-04 5.38207882e-04
4.21974722e-04 3.86994011e-04
6.07782594e-05 5.74862560e-05
1.70448155e-04 1.68278268e-04
2.12431722e-04 2.03265272e-04
2.42902319e-04 2.27534747e-04
2.56307911e-04 2.36650163e-04
2.50599255e-04 2.28841778e-04
5.56306790e-05 5.39456830e-05
6.71078199e-05 6.66886702e-05
7.41976805e-05 7.59275080e-05
7.36600783e-05 7.48101987e-05
1.32315649e-04 1.23769660e-04
7.70897974e-05 7.59346569e-05
4.59485570e-05 4.58425748e-05
7.28547243e-05 7.39978551e-05
1.04752485e-04 1.06986554e-04
1.37682575e-04 1.40728782e-04
1.66665125e-04 1.70209169e-04
1.86795645e-04 1.90582762e-04
1.94449553e-04 1.98340480e-04
1.88220884e-04 1.92184621e-04
1.69293990e-04 1.73341887e-04
4.38640951e-05 4.06525593e-05
4.83093204e-04 4.40058689e-04
4.67781167e-04 4.30501032e-04
4.19092693e-04 3.90237298e-04
3.45960871e-04 3.26542401e-04
2.61057430e-04 2.50321675e-04
1.77663846e-04 1.73385305e-04
1.06707634e-04 1.05744463e-04
5.49104383e-05 5.37357186e-05
5.01569150e-05 4.64983832e-05
6.09306544e-05 5.88460379e-05
6.85415560e-05 6.79995853e-05
7.15534611e-05 7.23312430e-05
6.93223645e-05 7.10510564e-05
4.82496471e-05 4.93022633e-05
6.52874784e-05 6.54704987e-05
8.26523973e-05 8.06048139e-05
9.73714842e-05 9.22676101e-05
1.06657941e-04 9.83890331e-05
6.46518397e-05 6.23630452e-05
7.17040186e-05 7.34925764e-05
8.46264435e-05 8.12345511e-05
6.11220660e-04 6.19549476e-04
7.92931766e-04 7.85260529e-04
9.42936589e-04 9.22381471e-04
1.03533474e-03 1.00725204e-03
1.05344077e-03 1.02398509e-03
9.94091586e-04 9.68654404e-04
8.68460147e-04 8.50454801e-04
6.99116404e-04 6.89440138e-04
5.14262260e-04 5.11529548e-04
3.40926725e-04 3.42318158e-04
1.99141990e-04 2.01541569e-04
9.86690258e-05 9.97430959e-05
1.56449520e-04 1.44840350e-04
1.93537718e-04 1.82583995e-04
2.21506558e-04 2.11510805e-04
2.35693446e-04 2.26513398e-04
2.33715602e-04 2.24827181e-04
2.16068247e-04 2.06720740e-04
1.85994460e-04 1.75413876e-04
1.48656222e-04 1.36249626e-04
4.32757746e-05 4.16262719e-05
4.63099352e-05 4.65256663e-05
5.28259811e-05 5.32085683e-05
5.59364247e-05 5.66126129e-05
5.52545828e-05 5.61485365e-05
5.11446966e-05 5.17619218e-05
4.45907587e-05 4.40359620e-05
6.88724116e-05 6.57570351e-05
2.26878193e-04 2.14502070e-04
4.99325857e-04 4.70632280e-04
8.89577095e-04 8.37478359e-04
1.37306909e-03 1.29185632e-03
1.89606073e-03 1.78306365e-03
2.38382645e-03 2.24071087e-03
2.75643030e-03 2.58965474e-03
2.94785372e-03 2.76802101e-03
2.92280814e-03 2.74296668e-03
2.68600526e-03 2.51928172e-03
2.28093533e-03 2.13810160e-03
1.77853790e-03 1.66614987e-03
1.25935003e-03 1.17892817e-03
7.94643667e-04 7.43053955e-04
4.32085027e-04 4.02935824e-04
1.89738347e-04 1.75391610e-04
5.73980951e-05 5.64589971e-05
9.50159845e-05 9.63721842e-05
3.70572340e-04 3.42040169e-04
1.17296084e-03 1.12045508e-03
2.59682692e-03 2.49683791e-03
4.66899989e-03 4.49881442e-03
7.26734565e-03 7.00909719e-03
1.01096808e-02 9.75543105e-03
1.27950067e-02 1.23505179e-02
1.48870687e-02 1.43727726e-02
1.60179004e-02 1.54664316e-02
1.59808322e-02 1.54315333e-02
1.47842420e-02 1.42759800e-02
1.26491067e-02 1.22132616e-02
9.95120337e-03 9.60661437e-03
7.12627619e-03 6.87729403e-03
4.56745144e-03 4.40527143e-03
2.54500696e-03 2.45146191e-03
1.16977461e-03 1.12196798e-03
4.08708193e-04 3.82044630e-04
1.26986379e-04 1.19195117e-04
2.26579561e-04 2.18875972e-04
3.52523444e-04 3.45001677e-04
4.91188534e-04 4.83720664e-04
6.23046606e-04 6.15386146e-04
7.26763579e-04 7.18665743e-04
7.84247711e-04 7.75588233e-04
7.85165860e-04 7.76017879e-04
7.29553870e-04 7.20190721e-04
6.27728463e-04 6.18548392e-04
4.97556933e-04 4.88959800e-04
3.59958197e-04 3.52227706e-04
2.34011617e-04 2.27258193e-04
1.33078157e-04 1.27279853e-04
6.29101321e-05 5.80862030e-05
4.29504071e-05 4.18777161e-05
4.42546566e-05 4.04834052e-05
5.86498084e-05 5.97587940e-05
5.80991521e-05 5.65924575e-05
5.37534829e-05 4.91603040e-05
1.22944705e-04 1.23132423e-04
1.48203969e-04 1.43966250e-04
1.72250291e-04 1.63379815e-04
1.94091036e-04 1.81313198e-04
2.11809668e-04 1.96529613e-04
2.22586575e-04 2.06385618e-04
2.23532993e-04 2.07762474e-04
2.12865038e-04 1.98484425e-04
1.90793729e-04 1.78377551e-04
1.59744652e-04 1.49535741e-04
1.23854527e-04 1.15796799e-04
8.79583564e-05 8.17061204e-05
5.64260337e-05 5.13647676e-05
6.16312241e-05 5.64884076e-05
5.05202585e-05 4.69965876e-05
4.90022641e-05 4.81758306e-05
5.98883774e-05 5.68997095e-05
1.30248754e-04 1.20658931e-04
2.26258557e-04 2.09669770e-04
3.40895163e-04 3.18062146e-04
4.60695074e-04 4.33895862e-04
5.68059050e-04 5.41196555e-04
6.45135422e-04 6.23432959e-04
6.78207336e-04 6.67471182e-04
6.61248626e-04 6.66810317e-04
9.93151366e-05 9.07313021e-05
1.30381881e-04 1.20373468e-04
1.62353821e-04 1.50856747e-04
1.91045803e-04 1.78227302e-04
2.10891621e-04 1.97117683e-04
2.16468194e-04 2.02224734e-04
2.04609329e-04 1.90429867e-04
1.76231911e-04 1.62633200e-04
8.33436343e-05 7.99556761e-05
6.60127191e-05 6.67719071e-05
8.19324280e-05 7.69566727e-05
1.52039313e-04 1.54276656e-04
2.70269831e-04 2.65086343e-04
3.12231947e-04 2.87053051e-04
1.31650010e-03 1.22244018e-03
3.76561912e-03 3.52950774e-03
7.89167663e-03 7.41944870e-03
1.36984481e-02 1.28962606e-02
2.07809263e-02 1.95781662e-02
2.83242215e-02 2.66961684e-02
3.52353605e-02 3.32184450e-02
4.03774169e-02 3.80714801e-02
4.28422213e-02 4.03976779e-02
4.21806672e-02 3.97729337e-02
3.85193289e-02 3.63168003e-02
3.25266672e-02 3.06605527e-02
2.52396728e-02 2.37834151e-02
1.78054824e-02 1.67684931e-02
1.12169194e-02 1.05530162e-02
6.11819781e-03 5.74493120e-03
2.73024873e-03 2.55265505e-03
9.10889828e-04 8.43291032e-04
3.20997993e-04 3.03624976e-04
2.02043343e-04 1.96389740e-04
1.27312442e-04 1.20307639e-04
4.88846115e-05 4.79102188e-05
8.92395079e-05 8.66260622e-05
1.25195165e-04 1.25891952e-04
1.60431969e-04 1.64392078e-04
4.44261587e-05 4.39245596e-05
7.50836680e-05 7.06734531e-05
4.99242833e-05 4.60205109e-05
4.70325750e-05 4.53433450e-05
4.43178731e-05 4.29996193e-05
4.83587004e-05 4.70164565e-05
1.04160102e-04 1.02051900e-04
1.84802986e-04 1.80339180e-04
2.85390188e-04 2.76901464e-04
3.94697244e-04 3.81006593e-04
4.97008414e-04 4.77855546e-04
5.75513079e-04 5.51738636e-04
6.16348352e-04 5.89793194e-04
6.12093936e-04 5.85250852e-04
5.63652069e-04 5.39176462e-04
4.79943259e-04 4.60158466e-04
3.75540763e-04 3.62055943e-04
2.67005277e-04 2.60512605e-04
1.69040973e-04 1.69301241e-04
5.24391661e-05 4.92260394e-05
5.86841448e-05 5.77770363e-05
4.21979090e-05 4.20556245e-05
4.72130224e-05 4.71342133e-05
4.93401653e-05 4.88890305e-05
4.84140927e-05 4.73527213e-05
4.47187692e-05 4.31387643e-05
7.38665316e-05 7.42821272e-05
2.27908643e-04 2.23377535e-04
8.47382724e-04 8.24674563e-04
1.98368765e-03 1.93695879e-03
3.67948236e-03 3.60188436e-03
5.85264297e-03 5.74008222e-03
8.28150667e-03 8.13463875e-03
1.06340207e-02 1.04590411e-02
1.25348479e-02 1.23428897e-02
1.36531731e-02 1.34584173e-02
1.37856852e-02 1.36026698e-02
1.29092745e-02 1.27501346e-02
1.11868761e-02 1.10592657e-02
8.92465537e-03 8.83087459e-03
6.49413109e-03 6.43159478e-03
4.24338901e-03 4.20616300e-03
2.42366876e-03 2.40451617e-03
1.15104229e-03 1.14336728e-03
4.11438487e-04 4.10758841e-04
7.12759196e-05 7.20593882e-05
4.55390640e-05 4.61147904e-05
6.52269347e-05 6.65261117e-05
5.79245334e-05 5.58869812e-05
4.73193227e-05 4.59152482e-05
6.86157012e-05 6.47192798e-05
9.01162105e-05 8.40781322e-05
1.08665303e-04 1.00906368e-04
1.21222008e-04 1.12196883e-04
1.25573629e-04 1.15776682e-04
1.20895670e-04 1.10890527e-04
1.07970235e-04 9.84147909e-05
4.49675962e-05 4.12064055e-05
5.36894135e-04 4.93112188e-04
5.21433508e-04 4.89499024e-04
4.71266465e-04 4.52138438e-04
3.94153575e-04 3.87101626e-04
3.02354861e-04 3.05095923e-04
6.94529772e-05 6.37618575e-05
4.65248943e-05 4.69299623e-05
7.64593086e-05 7.75039548e-05
5.74337303e-05 5.64922205e-05
1.02597004e-04 9.82171391e-05
2.19102324e-04 2.10521791e-04
3.82975221e-04 3.66601810e-04
5.82272205e-04 5.54999294e-04
7.93472308e-04 7.53567348e-04
9.85426041e-04 9.33129642e-04
1.12614354e-03 1.06378456e-03
1.19055430e-03 1.12213590e-03
1.16691012e-03 1.09729142e-03
1.05983188e-03 9.93754241e-04
8.89036275e-04 8.30278142e-04
6.84159756e-04 6.35039889e-04
4.77327296e-04 4.38643230e-04
4.63874614e-05 4.35028987e-05
5.01671279e-05 4.62310213e-05
8.37148200e-05 7.70880335e-05
1.25505553e-04 1.15111343e-04
1.70911031e-04 1.55843127e-04
5.31834705e-05 5.30792851e-05
6.29364181e-05 6.07105227e-05
6.87823399e-05 6.46298808e-05
6.97726543e-05 6.41500493e-05
4.08411744e-05 4.04643353e-05
4.77083997e-05 4.72404334e-05
5.17224967e-05 5.10185886e-05
5.22997516e-05 5.11394416e-05
4.94939472e-05 4.75980342e-05
4.39845834e-05 4.10298403e-05
5.59846024e-05 5.56020081e-05
1.32750771e-04 1.20966841e-04
6.80890438e-05 6.88554896e-05
4.29853002e-05 4.10111989e-05
5.85302966e-05 5.57814702e-05
7.32366202e-05 6.94960698e-05
8.45239720e-05 7.99327617e-05
9.02582996e-05 8.52848134e-05
8.93086689e-05 8.45893822e-05
8.18379596e-05 7.79725814e-05
6.92377522e-05 6.66209049e-05
5.37324102e-05 5.24840369e-05
1.12510031e-04 1.04192339e-04
1.32076698e-04 1.24501964e-04
1.43781172e-04 1.36618562e-04
1.45377113e-04 1.38559486e-04
1.36469005e-04 1.30126898e-04
1.18620430e-04 1.12953338e-04
9.49379333e-05 9.01081116e-05
6.92683302e-05 6.53939787e-05
4.52662301e-05 4.25783606e-05
1.88552414e-04 1.91554574e-04
3.39048326e-04 3.38977531e-04
5.28776063e-04 5.23453516e-04
7.37619813e-04 7.25358360e-04
9.36557353e-04 9.16556284e-04
1.09359067e-03 1.06618526e-03
1.18125333e-03 1.14794160e-03
1.18350321e-03 1.14672601e-03
1.09988418e-03 1.06259775e-03
9.45647661e-04 9.10783952e-04
7.47796484e-04 7.17738466e-04
5.38300172e-04 5.14494793e-04
3.46580472e-04 3.29366829e-04
1.93506171e-04 1.82148501e-04
8.86437740e-05 8.13826547e-05
4.79563049e-05 4.66615266e-05
5.13879850e-05 5.16055442e-05
5.36279957e-05 5.45178948e-05
5.53983849e-05 5.56870434e-05
5.75225120e-05 5.57825107e-05
6.06469582e-05 5.56150827e-05
4.33016331e-05 4.42875562e-05
4.57128091e-05 4.19162835e-05
4.39784919e-05 4.26054885e-05
4.19150255e-05 4.00984420e-05
4.41854554e-05 4.43429232e-05
5.87759794e-05 5.83783651e-05
7.15099367e-05 7.07383883e-05
8.03075792e-05 7.92544993e-05
8.37524575e-05 8.23423859e-05
8.14569386e-05 7.94305225e-05
7.41293631e-05 7.11038127e-05
6.33260992e-05 5.89086026e-05
7.54426308e-05 7.29695484e-05
4.45176289e-05 4.47860115e-05
1.44960113e-04 1.38641435e-04
2.00056626e-04 1.99342140e-04
2.43927165e-04 2.49075014e-04
1.67459254e-04 1.71238801e-04
1.20629688e-04 1.20026470e-04
7.95728147e-05 7.53146386e-05
8.07987186e-05 7.45082249e-05
9.55204041e-05 9.21044477e-05
1.04348101e-04 1.04512275e-04
2.51274424e-04 2.57643644e-04
2.55205579e-04 2.60431801e-04
2.62889497e-04 2.67423295e-04
2.69158509e-04 2.73195985e-04
2.67491836e-04 2.70749000e-04
2.53577614e-04 2.55564389e-04
2.26934158e-04 2.27368428e-04
1.90756987e-04 1.89781216e-04
1.50670570e-04 1.48773012e-04
1.12971202e-04 1.10726786e-04
8.28644049e-05 8.07081812e-05
6.31586113e-05 6.13186329e-05
5.39178662e-05 5.24031705e-05
5.31777801e-05 5.17970714e-05
5.76824344e-05 5.63569762e-05
6.35062121e-05 6.25642550e-05
6.71872892e-05 6.72432548e-05
6.66628994e-05 6.82910835e-05
7.88433952e-05 7.17101804e-05
9.57213459e-05 8.80034393e-05
1.07526096e-04 9.99219431e-05
1.12122109e-04 1.05721915e-04
1.08549502e-04 1.04508881e-04
9.72800471e-05 9.64386486e-05
4.30269285e-05 4.36698665e-05
5.73589217e-05 5.83648474e-05
5.20556987e-05 4.78539763e-05
1.99486649e-04 1.84440651e-04
1.74306798e-04 1.62141985e-04
1.41929328e-04 1.30680488e-04
5.01816217e-05 4.73019457e-05
4.99123719e-05 4.94404564e-05
4.92479798e-05 4.58545092e-05
1.59452374e-04 1.63235747e-04
1.71453335e-04 1.74788621e-04
1.71181365e-04 1.73713906e-04
1.58617427e-04 1.60071252e-04
1.36004632e-04 1.36230148e-04
1.07291203e-04 1.06276870e-04
7.71623752e-05 7.50247597e-05
4.99697753e-05 4.69272497e-05
4.88140862e-05 4.89758462e-05
5.58483211e-05 5.66792964e-05
4.53967783e-05 4.21055221e-05
4.12497089e-05 4.12574257e-05
5.32639598e-05 4.88966945e-05
7.12753107e-05 6.48720042e-05
5.57883931e-05 5.15917647e-05
7.62010805e-05 7.78484336e-05
9.21888627e-05 8.69151458e-05
1.33394646e-04 1.27728702e-04
1.75660238e-04 1.68499323e-04
2.12325515e-04 2.02889196e-04
2.36904417e-04 2.25025881e-04
2.44728810e-04 2.30992218e-04
2.34225458e-04 2.19849335e-04
2.07407649e-04 1.93863811e-04
1.69406610e-04 1.57873249e-04
1.27209388e-04 1.18007530e-04
8.81350870e-05 8.01798991e-05
2.12611209e-04 2.01628657e-04
2.24086467e-04 2.20626991e-04
2.21115919e-04 2.23551873e-04
5.67762515e-05 5.78087547e-05
4.47692229e-04 4.48341353e-04
5.43709448e-04 5.27702623e-04
6.00288573e-04 5.73356891e-04
6.08827269e-04 5.77059689e-04
5.69628386e-04 5.38286807e-04
4.91574557e-04 4.64330468e-04
3.89694896e-04 3.68354820e-04
2.81338720e-04 2.66034569e-04
1.82107176e-04 1.71821856e-04
1.02713272e-04 9.59408519e-05
5.57859123e-05 5.69835970e-05
5.14720095e-05 5.10640567e-05
4.44184067e-05 4.25195546e-05
5.01621417e-05 5.09414405e-05
5.91614903e-05 5.70966876e-05
6.46007115e-05 5.99314764e-05
1.02500102e-04 1.02727903e-04
1.23972915e-04 1.17409352e-04
1.08863635e-04 1.03463715e-04
1.85500019e-04 1.82292881e-04
2.77375549e-04 2.76723762e-04
3.73695905e-04 3.75431487e-04
4.60458544e-04 4.63969331e-04
5.23510441e-04 5.27887127e-04
5.51914378e-04 5.56144114e-04
5.40635108e-04 5.43812903e-04
4.91757541e-04 4.93276770e-04
4.13907473e-04 4.13587135e-04
3.20091735e-04 3.18206671e-04
2.24617311e-04 2.21818629e-04
1.39951362e-04 1.37086623e-04
7.43272410e-05 7.21672304e-05
7.08428521e-05 6.48301781e-05
1.43137611e-04 1.32374529e-04
2.39941583e-04 2.23606555e-04
3.52776226e-04 3.30259043e-04
4.67326947e-04 4.38562928e-04
5.66122274e-04 5.31902964e-04
6.32442797e-04 5.94539373e-04
6.54409495e-04 6.15409432e-04
6.28043049e-04 5.90908395e-04
5.58329022e-04 5.25797445e-04
4.57925297e-04 4.31943985e-04
3.43902180e-04 3.25277732e-04
2.33533314e-04 2.21900192e-04
1.40421772e-04 1.34514260e-04
7.20565053e-05 7.01677201e-05
6.40637655e-05 5.85595309e-05
6.23704632e-05 5.73000741e-05
5.58923332e-05 5.17528956e-05
4.54501008e-05 4.27710221e-05
6.78399171e-05 6.23788630e-05
5.95466353e-05 5.46389224e-05
1.57170686e-04 1.54286822e-04
4.86933899e-05 4.68041525e-05
1.93138955e-04 1.90802695e-04
3.34250964e-04 3.26919976e-04
5.02773334e-04 4.92459220e-04
6.77974068e-04 6.67840417e-04
8.34441687e-04 8.27405755e-04
9.47450664e-04 9.44885695e-04
9.98444256e-04 9.99644656e-04
9.79166143e-04 9.81858172e-04
8.93390930e-04 8.95031057e-04
7.55879363e-04 7.55067200e-04
5.88914252e-04 5.86179682e-04
4.17358850e-04 4.14908972e-04
2.63488316e-04 2.64056516e-04
1.17652848e-04 1.18824070e-04
1.50275317e-04 1.39612365e-04
5.04471938e-05 4.60036354e-05
6.96920455e-05 6.99240571e-05
6.79193464e-05 6.44645675e-05
4.21556955e-05 4.28912603e-05
4.60577626e-05 4.49584325e-05
4.63011345e-05 4.46894472e-05
4.24982148e-05 4.14951936e-05
6.55915070e-05 6.51659875e-05
6.78967597e-05 6.37042034e-05
5.41878617e-05 5.51220357e-05
4.75674245e-05 4.40580807e-05
5.65279274e-05 5.34144103e-05
6.24943866e-05 6.01488981e-05
6.42984382e-05 6.29603598e-05
6.15633035e-05 6.12582979e-05
5.48304299e-05 5.53171875e-05
4.54477015e-05 4.62038826e-05
5.78272812e-05 5.36280448e-05
7.49490908e-05 7.28236578e-05
9.19767689e-05 9.12528436e-05
1.06885152e-04 1.06951234e-04
1.17667682e-04 1.17814949e-04
1.22307918e-04 1.21928166e-04
1.19546614e-04 1.18328060e-04
1.09253541e-04 1.07313998e-04
9.23702880e-05 9.03009614e-05
7.08770582e-05 6.95814295e-05
4.77291017e-05 4.80446947e-05
6.35763247e-05 5.81298028e-05
4.21956005e-05 4.08249616e-05
7.41033136e-05 7.04395658e-05
1.77836708e-03 1.63245337e-03
2.08634890e-03 1.94712135e-03
2.27881948e-03 2.14898334e-03
2.31939039e-03 2.20194471e-03
2.19851168e-03 2.09636927e-03
1.93616448e-03 1.85155813e-03
1.57683260e-03 1.51072405e-03
1.17831761e-03 1.13004954e-03
7.97862984e-04 7.65205506e-04
4.79740570e-04 4.59315592e-04
2.47733325e-04 2.35613534e-04
1.04185542e-04 9.62829669e-05
7.01275305e-05 6.50319570e-05
7.45534578e-05 7.17562809e-05
7.36880474e-05 7.30102609e-05
6.77504769e-05 6.85702482e-05
5.78997506e-05 5.92934896e-05
4.59507794e-05 4.69138765e-05
6.03807465e-05 5.51304467e-05
9.40384641e-05 8.87792807e-05
1.31082893e-04 1.25758504e-04
1.66280217e-04 1.61033816e-04
1.93949252e-04 1.89022287e-04
2.09287171e-04 2.04924620e-04
2.09554925e-04 2.05944635e-04
1.94758984e-04 1.92008872e-04
1.67620773e-04 1.65758814e-04
1.32848624e-04 1.31829075e-04
9.59428584e-05 9.56567415e-05
6.18990385e-05 6.22064780e-05
4.83904321e-05 4.84600923e-05
7.51871143e-05 7.13947299e-05
1.04324611e-04 9.54562672e-05
4.49678027e-04 4.21702602e-04
1.09350026e-03 1.04564400e-03
2.08815843e-03 2.00994003e-03
3.40238032e-03 3.28440221e-03
4.91776350e-03 4.75423327e-03
6.44026255e-03 6.23118705e-03
7.73671087e-03 7.48904039e-03
8.58752501e-03 8.31476613e-03
8.84067444e-03 8.56091577e-03
8.45060487e-03 8.18337421e-03
7.48998795e-03 7.25272305e-03
6.13061713e-03 5.93565779e-03
4.59951961e-03 4.45236881e-03
3.12394331e-03 3.02315476e-03
1.88168830e-03 1.82024960e-03
9.70530811e-04 9.38180347e-04
4.03778144e-04 3.89399559e-04
1.32049729e-04 1.25042588e-04
1.49880042e-04 1.37037362e-04
2.23415871e-04 2.10003203e-04
3.00041752e-04 2.86509486e-04
3.68266568e-04 3.55084739e-04
4.16616845e-04 4.04275928e-04
4.36471557e-04 4.25452688e-04
4.24281241e-04 4.14990005e-04
3.82476041e-04 3.75153411e-04
3.18784950e-04 3.13425840e-04
2.44199303e-04 2.40516602e-04
1.70232680e-04 1.67698192e-04
1.06311169e-04 1.04285992e-04
5.80200818e-05 5.59665585e-05
9.02140945e-05 8.35154865e-05
7.02828843e-05 6.78303408e-05
9.65924724e-05 9.08631309e-05
4.97699065e-05 4.78551317e-05
6.43303596e-05 6.43283156e-05
7.61772262e-05 7.69923812e-05
8.31914982e-05 8.40465182e-05
8.40587802e-05 8.45788930e-05
7.85924969e-05 7.87925054e-05
6.77579723e-05 6.79551964e-05
5.34032138e-05 5.40883372e-05
4.27589721e-05 4.09482332e-05
5.51520051e-05 5.22833503e-05
6.50595297e-05 6.05038756e-05
1.07394525e-04 1.03107785e-04
9.96580778e-05 9.65372062e-05
4.94397045e-05 4.68860068e-05
5.74609382e-05 5.53080330e-05
6.34580204e-05 6.14261515e-05
6.50778535e-05 6.30859082e-05
5.95619958e-05 5.78523445e-05
4.52262319e-05 4.37682086e-05
4.28524194e-05 4.19102704e-05
6.66188435e-05 6.29589360e-05
2.85576441e-04 2.67915154e-04
2.38221289e-04 2.16698696e-04
1.85443135e-04 1.70935379e-04
1.32115003e-04 1.21979934e-04
2.75306997e-04 2.54657976e-04
2.89153946e-04 2.78216340e-04
2.86984645e-04 2.82164208e-04
2.67469895e-04 2.65607891e-04
2.32812553e-04 2.31442987e-04
1.88039464e-04 1.85599282e-04
1.39660177e-04 1.35538543e-04
9.40801196e-05 8.84835550e-05
5.21268488e-05 5.03396336e-05
5.66987743e-05 5.18249896e-05
4.50258573e-04 4.59119441e-04
5.97660027e-04 6.06250524e-04
7.27200563e-04 7.35243293e-04
8.17875321e-04 8.24910569e-04
8.54337104e-04 8.59763179e-04
8.30697127e-04 8.33909377e-04
7.51935107e-04 7.52503572e-04
6.32495263e-04 6.30308975e-04
4.92535630e-04 4.87856550e-04
3.53014848e-04 3.46421565e-04
2.31091580e-04 2.23340702e-04
1.37097873e-04 1.28970142e-04
1.23748770e-04 1.14168129e-04
1.09976367e-04 1.04956401e-04
8.93710936e-05 8.92898076e-05
6.02164134e-05 5.98991633e-05
5.25238038e-05 5.13030745e-05
4.13790761e-05 4.02813980e-05
6.67641997e-05 6.62513024e-05
1.59286951e-04 1.54179349e-04
4.92460952e-05 4.66077797e-05
1.95947524e-04 1.79486358e-04
3.28959267e-04 3.12604042e-04
4.89487275e-04 4.74160757e-04
6.59224997e-04 6.45509323e-04
8.13911398e-04 8.02010718e-04
9.28401625e-04 9.18210699e-04
9.82607920e-04 9.73874929e-04
9.66562479e-04 9.59075879e-04
8.83037872e-04 8.76755441e-04
7.46884049e-04 7.41952589e-04
5.81266372e-04 5.77936456e-04
4.11958048e-04 4.10452827e-04
2.61412117e-04 2.61837687e-04
1.44323124e-04 1.46700990e-04
7.28771157e-05 6.95170572e-05
1.10119229e-04 1.08527382e-04
1.50744432e-04 1.51814227e-04
1.89293713e-04 1.93370658e-04
1.21387067e-04 1.22854608e-04
1.17281543e-04 1.12925782e-04
4.41216224e-05 4.38935472e-05
7.62825305e-05 7.01051014e-05
1.00860267e-04 9.38445910e-05
1.22690357e-04 1.14961923e-04
1.38153084e-04 1.30034525e-04
1.44544604e-04 1.36467103e-04
1.40760840e-04 1.33142333e-04
1.27575796e-04 1.20727193e-04
1.07433748e-04 1.01538845e-04
8.38254434e-05 7.90027391e-05
6.04419612e-05 5.68484113e-05
2.14730645e-04 1.95343378e-04
3.58043494e-04 3.34174279e-04
5.27994393e-04 4.98178022e-04
7.04368444e-04 6.67714362e-04
8.61391590e-04 8.17881728e-04
9.73305317e-04 9.23980967e-04
1.02053553e-03 9.67481637e-04
9.94623460e-04 9.40716509e-04
9.00398505e-04 8.48855394e-04
7.54713434e-04 7.08542193e-04
5.82142988e-04 5.43629653e-04
4.08983856e-04 3.79342574e-04
2.57360998e-04 2.36630518e-04
1.41095245e-04 1.28305609e-04
6.17979641e-05 6.02027568e-05
8.87032837e-05 8.35887142e-05
1.13330543e-04 1.05440173e-04
1.31758145e-04 1.21991502e-04
1.40862431e-04 1.30199499e-04
1.39098093e-04 1.28504892e-04
1.26899082e-04 1.17221913e-04
1.06567733e-04 9.84399534e-05
8.16807240e-05 7.54770734e-05
5.61943339e-05 5.20636326e-05
4.74685960e-05 4.66464481e-05
5.47298329e-05 5.50459105e-05
7.10617625e-05 7.16692783e-05
8.66530951e-05 8.71575369e-05
9.93868507e-05 9.95091732e-05
1.07017032e-04 1.06723281e-04
1.07697822e-04 1.07215647e-04
1.00621464e-04 1.00338316e-04
8.65301578e-05 8.68165625e-05
6.78133088e-05 6.88478126e-05
1.16138633e-04 1.10065146e-04
2.84958865e-04 2.71697787e-04
5.48731615e-04 5.22659325e-04
8.99042802e-04 8.55592540e-04
1.30431250e-03 1.24081291e-03
1.71258811e-03 1.62911739e-03
2.06127553e-03 1.96102969e-03
2.29128312e-03 2.18025696e-03
2.36154178e-03 2.24755012e-03
2.25950902e-03 2.15077528e-03
2.00439023e-03 1.90805521e-03
1.64207482e-03 1.56299793e-03
1.23339894e-03 1.17353581e-03
8.39385771e-04 7.97866218e-04
5.07878705e-04 4.81738772e-04
2.65260918e-04 2.50696706e-04
1.15086006e-04 1.09284868e-04
5.41151623e-05 5.15217331e-05
5.94916799e-05 5.93689071e-05
4.11746798e-05 4.14783152e-05
5.36886849e-05 5.00891056e-05
5.46636641e-05 5.47659335e-05
9.47423022e-05 9.48767112e-05
3.76133951e-04 3.67971046e-04
1.11526504e-03 1.09700749e-03
2.41215875e-03 2.38742675e-03
4.29522122e-03 4.26859304e-03
6.66124452e-03 6.63866281e-03
9.26387350e-03 9.25168132e-03
1.17476667e-02 1.17510994e-02
1.37202106e-02 1.37419001e-02
1.48434295e-02 1.48824498e-02
1.49175606e-02 1.49693899e-02
1.39321712e-02 1.39896569e-02
1.20683379e-02 1.21234191e-02
9.65142587e-03 9.69710427e-03
7.06938702e-03 7.10135483e-03
4.68168491e-03 4.69913391e-03
2.74541787e-03 2.75084398e-03
1.37791647e-03 1.37607967e-03
5.62397340e-04 5.58859633e-04
1.89656128e-04 1.88711801e-04
8.74370230e-05 8.52311065e-05
5.11092934e-05 4.91218755e-05
6.41165398e-05 6.13278702e-05
1.25055092e-04 1.24800688e-04
2.10725085e-04 2.12123443e-04
3.15220634e-04 3.17455884e-04
4.26698285e-04 4.29117545e-04
5.29160554e-04 5.31379392e-04
6.05855115e-04 6.07733396e-04
6.43316459e-04 6.44803113e-04
6.34811628e-04 6.35752929e-04
5.82095486e-04 5.82128700e-04
4.94912794e-04 4.93517890e-04
3.88417860e-04 3.85105127e-04
2.79349085e-04 2.73875492e-04
1.82154182e-04 1.74636735e-04
1.06194935e-04 9.70458178e-05
4.01975704e-05 4.03207378e-05
5.25323650e-05 5.25062894e-05
6.29953678e-05 6.27651071e-05
7.04064285e-05 6.97024948e-05
7.41264007e-05 7.25678460e-05
7.40881306e-05 7.16126527e-05
7.10503970e-05 6.82349793e-05
6.68963289e-05 6.46809747e-05
6.41665348e-05 6.29867902e-05
6.41323232e-05 6.35168484e-05
6.52329551e-05 6.47004004e-05
6.44637244e-05 6.43997998e-05
5.98456078e-05 6.12426461e-05
1.39071408e-04 1.42216880e-04
1.61413406e-04 1.61702855e-04
1.74517911e-04 1.72159959e-04
1.76745988e-04 1.71888134e-04
1.68229255e-04 1.60959139e-04
1.50709641e-04 1.41189285e-04
1.27103887e-04 1.15694914e-04
5.24318046e-05 4.79928287e-05
5.41713411e-05 5.07020615e-05
5.52131461e-05 5.20532132e-05
5.47259169e-05 5.17393948e-05
5.13638520e-05 4.94543216e-05
4.44493921e-05 4.52649248e-05
4.62767921e-04 4.68926904e-04
5.76939264e-04 5.78006623e-04
6.62902209e-04 6.58461069e-04
7.06118700e-04 6.96568619e-04
6.99252013e-04 6.85621181e-04
6.43954708e-04 6.27633884e-04
5.50379526e-04 5.32840211e-04
4.34582086e-04 4.17130630e-04
3.14615008e-04 2.98225991e-04
2.06470354e-04 1.91738497e-04
5.89275748e-05 5.68735192e-05
4.61765692e-05 4.36643660e-05
9.09521977e-05 8.68542203e-05
1.66316730e-04 1.58434794e-04
2.63499702e-04 2.52213963e-04
3.76889718e-04 3.62882921e-04
4.95286906e-04 4.79426050e-04
6.02595937e-04 5.85783682e-04
6.80587641e-04 6.63651693e-04
7.13331397e-04 6.96960970e-04
6.92094878e-04 6.76784323e-04
6.18911831e-04 6.04871778e-04
5.07117765e-04 4.94163986e-04
3.78117541e-04 3.65612151e-04
2.55146894e-04 2.42111960e-04
4.56012415e-05 4.32736853e-05
4.64547219e-05 4.36529025e-05
8.33789641e-05 7.80284946e-05
5.31288723e-04 4.85003575e-04
1.67631267e-03 1.53707859e-03
3.78709308e-03 3.48049374e-03
6.94178273e-03 6.39075080e-03
1.10012950e-02 1.01415964e-02
1.55718174e-02 1.43703511e-02
2.00509463e-02 1.85201212e-02
2.37449973e-02 2.19481275e-02
2.60274970e-02 2.40725679e-02
2.64934019e-02 2.45159107e-02
2.50623012e-02 2.32011760e-02
2.19985390e-02 2.03712694e-02
1.78420936e-02 1.65254314e-02
1.32720961e-02 1.22929258e-02
8.94512645e-03 8.28299323e-03
5.35602423e-03 4.95540434e-03
2.75864836e-03 2.54648597e-03
1.16292016e-03 1.06599885e-03
1.02053146e-04 9.72792264e-05
7.80010278e-05 7.54694755e-05
4.98629270e-05 4.95033484e-05
5.00782516e-05 5.08933903e-05
4.49311792e-05 4.40988711e-05
9.93733055e-05 1.00108673e-04
1.89099816e-04 1.89295170e-04
3.04394703e-04 3.04332431e-04
4.34578949e-04 4.34931209e-04
5.64051772e-04 5.65502435e-04
6.74838782e-04 6.77801880e-04
7.49984503e-04 7.54464333e-04
7.77078677e-04 7.82698494e-04
7.51101878e-04 7.57265899e-04
6.75828034e-04 6.81933003e-04
5.63286619e-04 5.68897806e-04
4.31252075e-04 4.36209744e-04
2.99291621e-04 3.03794984e-04
4.61813170e-05 4.32184021e-05
7.68812512e-05 7.45022250e-05
1.12015466e-04 1.10016882e-04
1.47120431e-04 1.45149016e-04
1.77070453e-04 1.74742265e-04
1.97114246e-04 1.94178536e-04
2.03896201e-04 2.00392600e-04
1.96203482e-04 1.92533173e-04
1.75254001e-04 1.72108435e-04
1.44452173e-04 1.42597126e-04
1.08668141e-04 1.08638872e-04
7.32193349e-05 7.50120766e-05
9.35175642e-05 8.57396116e-05
9.16861137e-05 8.62876727e-05
8.45098373e-05 8.21301850e-05
7.33887074e-05 7.44976638e-05
4.21769854e-05 4.12105640e-05
4.62858714e-05 4.63030336e-05
1.60476223e-04 1.49652249e-04
6.05642752e-05 6.13750467e-05
6.90981582e-05 6.39133259e-05
7.05735553e-05 6.69687334e-05
6.67104092e-05 6.56208683e-05
6.34676877e-05 6.22933149e-05
5.21976178e-05 5.10806602e-05
7.43603241e-05 7.46519924e-05
9.75769378e-05 9.91237710e-05
1.18539804e-04 1.21122839e-04
1.33811376e-04 1.37120024e-04
1.37750390e-04 1.41235365e-04
1.25502979e-04 1.28438715e-04
1.05970785e-04 1.08124844e-04
8.23219259e-05 8.37325928e-05
5.80674568e-05 5.90595601e-05
5.84122364e-05 5.82715993e-05
6.75600924e-05 6.82911230e-05
5.42482116e-05 5.11181589e-05
8.08374210e-05 7.43569624e-05
6.67318901e-05 6.41567066e-05
5.07524212e-05 5.08723212e-05
7.97290011e-05 7.91401152e-05
4.91980877e-05 4.64729904e-05
6.35273211e-05 5.93061941e-05
