population ranking 2
slope 1.3287041736514817
intercept 0.0
r2 0.9997336202558453
arctan 0.9256250108711177
n_points 188

x y
9.58068636e-05 1.26526490e-04
6.56871347e-05 9.23057633e-05
8.62906880e-05 1.15406376e-04
5.58067845e-05 7.89425167e-05
5.39502351e-05 8.10742898e-05
4.24495570e-05 5.64629657e-05
4.33463681e-05 5.74024398e-05
4.02416284e-05 6.22910894e-05
6.76743528e-05 1.05144594e-04
6.97715100e-05 1.06219936e-04
6.70102503e-05 9.92503666e-05
5.98276696e-05 8.55699834e-05
4.94663181e-05 6.76452404e-05
5.90315862e-05 7.86137923e-05
5.60432746e-05 7.87715655e-05
4.86110373e-05 7.38053732e-05
7.07491879e-05 9.81690916e-05
4.31956923e-05 6.50353008e-05
4.30409233e-05 5.94209461e-05
4.15361763e-05 5.58321710e-05
1.26297101e-04 1.95010717e-04
5.19751301e-04 7.33270845e-04
5.01687965e-05 6.58495660e-05
4.56810210e-05 6.35242148e-05
1.38250252e-04 1.82864223e-04
5.40294990e-05 7.11804123e-05
6.59455717e-05 8.82793798e-05
7.45585923e-05 1.00154094e-04
7.82569744e-05 1.04617750e-04
7.63177328e-05 1.00879019e-04
1.63515649e-04 2.51640395e-04
4.63320158e-05 6.67002709e-05
4.92256272e-05 7.02097377e-05
6.75639580e-05 9.45751557e-05
8.55613930e-05 1.17128606e-04
1.00274747e-04 1.33983657e-04
4.09792422e-05 5.82679351e-05
4.42940703e-05 6.29075730e-05
4.43779309e-05 6.31736364e-05
4.11769353e-05 5.90666771e-05
6.19638813e-05 8.30748604e-05
1.03336518e-04 1.41765603e-04
1.52980675e-04 2.12482073e-04
2.04650305e-04 2.86303036e-04
2.50443816e-04 3.51987431e-04
2.82562592e-04 3.98427283e-04
2.95211654e-04 4.17315626e-04
2.86072960e-04 4.05217630e-04
2.56895566e-04 3.64411642e-04
2.13019667e-04 3.02250276e-04
1.61987688e-04 2.29255230e-04
1.11675528e-04 1.56543875e-04
6.85034336e-05 9.33642848e-05
5.76732899e-05 7.86177877e-05
4.74130293e-05 7.35770260e-05
6.08954327e-05 9.15037050e-05
7.16639677e-05 1.05334564e-04
7.77242926e-05 1.12245197e-04
7.78497945e-05 1.10625508e-04
7.19238332e-05 1.00516951e-04
6.09987466e-05 8.36056793e-05
4.70498932e-05 6.27724519e-05
5.50637794e-05 7.38598277e-05
5.57417377e-05 7.83823674e-05
5.18476011e-05 7.62370747e-05
6.16799330e-05 8.55726257e-05
6.76922336e-05 8.97326466e-05
1.03530151e-04 1.37088742e-04
1.14264853e-04 1.53757925e-04
1.17411714e-04 1.59402973e-04
1.12330951e-04 1.52751950e-04
9.98814722e-05 1.34627692e-04
8.22405878e-05 1.07794726e-04
8.33364491e-05 1.13541324e-04
1.05253255e-04 1.46137406e-04
1.24131799e-04 1.73040876e-04
1.36417060e-04 1.89896582e-04
1.39601825e-04 1.93924571e-04
1.32920996e-04 1.84578453e-04
1.17567607e-04 1.63655427e-04
9.63639825e-05 1.34833932e-04
7.29992368e-05 1.02785865e-04
5.10805263e-05 7.21241730e-05
8.46592581e-05 1.14455884e-04
2.95913954e-04 3.98049575e-04
6.82640213e-04 9.17935456e-04
1.25263925e-03 1.68138172e-03
1.97328586e-03 2.64281015e-03
2.76681192e-03 3.69705905e-03
3.52141176e-03 4.69467855e-03
4.11448582e-03 5.47322573e-03
4.44173802e-03 5.89589967e-03
4.44353925e-03 5.88605429e-03
4.12041139e-03 5.44694448e-03
3.53275331e-03 4.66054902e-03
2.78492574e-03 3.66594979e-03
1.99875948e-03 2.62417135e-03
4.06782260e-05 5.93541064e-05
5.80251922e-05 8.94438365e-05
4.07620792e-04 6.30745258e-04
3.61529703e-04 5.54061829e-04
2.99886470e-04 4.53807545e-04
2.32977931e-04 3.44329091e-04
1.70216025e-04 2.39305555e-04
6.05921541e-05 9.30443131e-05
9.07029835e-05 1.40215317e-04
1.16803256e-04 1.81018521e-04
8.39539595e-05 1.26917166e-04
5.42540951e-05 8.20329797e-05
9.17937796e-05 1.41198105e-04
8.96818717e-05 1.35268240e-04
8.40509869e-05 1.24322469e-04
7.54203492e-05 1.09379151e-04
6.45331240e-05 9.15885310e-05
5.23326030e-05 7.22635839e-05
4.55064562e-05 6.91752582e-05
5.22121555e-05 8.07619370e-05
4.31769454e-05 6.21512570e-05
5.53378857e-05 8.05906852e-05
1.09123902e-04 1.52593990e-04
1.57972619e-04 2.32655615e-04
2.08298318e-04 3.15640452e-04
2.52504129e-04 3.88821887e-04
2.83123904e-04 4.39792912e-04
2.12901006e-04 3.29085388e-04
1.63030130e-04 2.48894582e-04
1.13984942e-04 1.69975646e-04
7.19248939e-05 1.02233285e-04
4.34758737e-05 6.09298356e-05
4.05482281e-05 5.57024450e-05
4.75705974e-05 6.73631478e-05
5.14958184e-05 7.41313185e-05
5.13770767e-05 7.47677535e-05
4.71237964e-05 6.93821978e-05
4.43699987e-05 6.14667974e-05
7.58587508e-05 1.02141675e-04
1.16543672e-04 1.54098385e-04
5.57514082e-05 8.28650633e-05
7.15417104e-05 1.03510175e-04
8.37016155e-05 1.18904721e-04
8.98731790e-05 1.26432018e-04
8.88239567e-05 1.24778499e-04
8.07529689e-05 1.14269427e-04
6.72186257e-05 9.67824707e-05
5.07023816e-05 7.52685154e-05
4.59439985e-05 6.14720186e-05
4.04130832e-05 5.65192280e-05
4.97362893e-05 7.10394441e-05
5.62372737e-05 7.45110583e-05
5.20884969e-05 7.45039546e-05
4.53356411e-05 6.94677985e-05
6.66341804e-05 9.98631351e-05
4.28229410e-05 5.96770402e-05
5.56121014e-05 8.00865817e-05
6.78482828e-05 9.92799003e-05
7.74049121e-05 1.14193249e-04
8.24492797e-05 1.22112414e-04
8.18568236e-05 1.21368515e-04
7.54806917e-05 1.11812933e-04
6.41969628e-05 9.49006460e-05
4.97027638e-05 7.33379183e-05
6.55260844e-05 9.92337732e-05
7.27343612e-05 1.00777829e-04
4.33816551e-05 5.73642463e-05
4.97484156e-05 6.79022081e-05
5.55034750e-05 7.85419710e-05
1.05172280e-04 1.53408816e-04
6.39116440e-05 8.38814016e-05
4.61451975e-05 6.29209295e-05
6.46796281e-05 8.75196367e-05
4.35411021e-05 5.77697557e-05
4.15298028e-05 5.47975950e-05
6.54207454e-05 8.75763545e-05
5.56503024e-05 8.56817224e-05
8.40855758e-05 1.12516446e-04
4.29130450e-05 5.65140545e-05
5.67427292e-05 7.47086158e-05
7.05149006e-05 9.25054828e-05
9.58286909e-05 1.47355963e-04
7.85534973e-05 1.05976076e-04
1.01999544e-04 1.49998686e-04
1.43115978e-04 1.93168258e-04
7.68609471e-05 1.05529026e-04
1.22426282e-04 1.78863022e-04
4.31732794e-05 6.14051371e-05
4.33366614e-05 6.03726791e-05
6.44862385e-05 9.36720379e-05
4.03450201e-05 5.66101815e-05
