population ranking 1
slope 0.8433312828463201
intercept 0.0
r2 0.9996623144526844
arctan 0.7006097673477599
n_points 1180

x y
5.69762588e-05 5.07956654e-05
5.37449946e-05 4.37442103e-05
4.93197062e-05 4.24373987e-05
5.65892367e-05 4.76629028e-05
5.98371862e-05 4.88892767e-05
4.88889968e-05 4.00701074e-05
4.86395587e-05 4.01295330e-05
6.12431417e-05 5.04726279e-05
5.00282873e-05 4.49888940e-05
7.94818145e-05 6.40284762e-05
1.12937144e-04 9.36742379e-05
1.45929568e-04 1.23428194e-04
1.73351117e-04 1.48554228e-04
1.90511072e-04 1.64716944e-04
1.94309850e-04 1.69104243e-04
1.84057805e-04 1.61185974e-04
1.61673947e-04 1.42858738e-04
1.31194066e-04 1.17922521e-04
4.63441858e-05 4.07581585e-05
4.95893251e-05 4.48505669e-05
4.82164242e-05 4.34112270e-05
6.02405192e-05 5.36932219e-05
6.90234606e-05 6.15955783e-05
7.29544837e-05 6.57388786e-05
1.24275740e-04 9.98316750e-05
1.11550419e-04 9.00984845e-05
9.21055758e-05 7.47830131e-05
6.91740639e-05 5.65012068e-05
7.65253224e-05 6.25146256e-05
1.06023913e-04 9.04916720e-05
1.33512890e-04 1.16321618e-04
1.54386588e-04 1.35757717e-04
1.64842678e-04 1.45439777e-04
1.62858620e-04 1.43733001e-04
1.48728015e-04 1.31139272e-04
1.24990001e-04 1.10152839e-04
9.57761897e-05 8.46052488e-05
6.57816583e-05 5.87021346e-05
9.63373051e-05 7.78370434e-05
1.28084764e-04 1.05457450e-04
1.55385177e-04 1.29997719e-04
1.73528515e-04 1.47157544e-04
1.79188395e-04 1.53758383e-04
1.71290231e-04 1.48562525e-04
1.51306865e-04 1.32591928e-04
1.22880516e-04 1.08845282e-04
9.08861399e-05 8.15045357e-05
1.90799158e-04 1.53188980e-04
2.66110127e-04 2.19495783e-04
3.38094952e-04 2.82601991e-04
3.94934057e-04 3.32093012e-04
4.26446462e-04 3.59129483e-04
4.26679523e-04 3.58695358e-04
3.95469406e-04 3.30911654e-04
3.38480832e-04 2.80999286e-04
2.65717395e-04 2.17902693e-04
1.88979383e-04 1.52010069e-04
4.78197350e-05 4.25168902e-05
1.08334888e-04 9.66446640e-05
1.93429070e-04 1.74228742e-04
5.02716554e-05 4.20892339e-05
5.41723152e-05 4.55859368e-05
5.46731983e-05 4.55700985e-05
5.14162335e-05 4.20678864e-05
4.64099873e-05 4.11219062e-05
4.75256315e-05 4.23257793e-05
4.53557474e-05 4.06124468e-05
1.30292688e-04 1.12205611e-04
2.72721358e-04 2.35697586e-04
4.67831281e-04 4.04344057e-04
6.99569879e-04 6.04323474e-04
9.39111543e-04 8.10836397e-04
1.15003379e-03 9.92558667e-04
1.29646243e-03 1.11864125e-03
1.35190425e-03 1.16630714e-03
1.30609370e-03 1.12674794e-03
1.16770205e-03 1.00746508e-03
9.62042755e-04 8.30301456e-04
7.24502773e-04 6.25783764e-04
4.91766342e-04 4.25552077e-04
2.93502325e-04 2.55182942e-04
1.46874934e-04 1.29453955e-04
6.94509206e-05 5.91122522e-05
9.34161661e-05 7.87705401e-05
1.14874750e-04 9.61982920e-05
1.30416175e-04 1.08731153e-04
1.37382973e-04 1.14232055e-04
1.34515365e-04 1.11551079e-04
1.22303077e-04 1.00847768e-04
1.02924489e-04 8.36700413e-05
5.64640764e-05 4.89204869e-05
8.30066540e-05 6.98493953e-05
7.16121180e-05 5.81633739e-05
1.42863213e-04 1.17639095e-04
6.71711333e-04 5.47367853e-04
2.07739069e-03 1.69730570e-03
4.39241780e-03 3.59101594e-03
7.58533194e-03 6.20230796e-03
1.13885855e-02 9.31185763e-03
1.53177131e-02 1.25230911e-02
1.87610131e-02 1.53356966e-02
2.11193192e-02 1.72600123e-02
2.19561728e-02 1.79397960e-02
2.11123835e-02 1.72457518e-02
1.87486324e-02 1.53101347e-02
1.53024078e-02 1.24912974e-02
1.13731499e-02 9.27960197e-03
7.57205036e-03 6.17455478e-03
4.38251627e-03 3.57079584e-03
2.07087981e-03 1.68527746e-03
6.67603080e-04 5.42122365e-04
1.45624258e-04 1.17307623e-04
7.70269428e-05 6.62418658e-05
5.06226140e-05 4.45546271e-05
5.72269720e-05 4.58852822e-05
5.23167574e-05 4.62522050e-05
5.57841078e-05 5.03141147e-05
5.27078996e-05 4.46289381e-05
6.19390488e-05 5.41775547e-05
6.80055286e-05 6.10312013e-05
5.74056344e-05 4.66610958e-05
5.68510038e-05 4.76873777e-05
5.21160853e-05 4.52904411e-05
2.67475891e-04 2.39226741e-04
1.70742131e-04 1.48906647e-04
9.52153452e-05 7.85221264e-05
9.16505382e-05 8.26647762e-05
9.62616156e-05 8.67247856e-05
9.38489819e-05 8.48536028e-05
5.53747008e-05 5.00256920e-05
5.36048656e-05 4.34603752e-05
5.22457447e-05 4.20196607e-05
8.66348240e-05 7.33825481e-05
1.69441995e-04 1.48691232e-04
2.77997771e-04 2.48743520e-04
2.43913587e-04 2.18512051e-04
1.44739392e-04 1.25070548e-04
6.57241074e-05 5.48222764e-05
6.44452731e-05 5.62837558e-05
1.38265602e-04 1.11730081e-04
1.54128904e-04 1.24951152e-04
1.59624877e-04 1.29105399e-04
1.54425188e-04 1.23803983e-04
9.32711948e-05 7.59220785e-05
1.00786258e-04 8.66107323e-05
1.06805456e-04 9.48045605e-05
1.07862872e-04 9.75006375e-05
1.41789164e-04 1.26954849e-04
1.30636810e-04 1.13997457e-04
1.11773693e-04 9.41489539e-05
8.38931690e-04 7.22957262e-04
5.07233331e-05 4.50084319e-05
5.65323499e-05 4.78718645e-05
3.44870618e-04 3.09876235e-04
2.75344958e-04 2.41697793e-04
2.01167303e-04 1.70205986e-04
1.04748256e-04 8.68663733e-05
1.26262132e-04 1.07430101e-04
1.43629352e-04 1.23214326e-04
1.53551792e-04 1.31526629e-04
1.53815814e-04 1.30859908e-04
1.43915525e-04 1.21299471e-04
1.25192237e-04 1.04516209e-04
1.00478963e-04 8.33447368e-05
7.33933823e-05 6.10833390e-05
4.75222653e-05 4.07391563e-05
5.53456726e-05 4.70021600e-05
6.12829099e-05 4.99243922e-05
7.54556255e-05 6.34288544e-05
8.80334112e-05 7.55712126e-05
9.74466982e-05 8.50627721e-05
1.02663681e-04 9.10240645e-05
1.03348405e-04 9.31223100e-05
1.39108385e-04 1.18666350e-04
9.80024790e-05 7.86809252e-05
3.11531915e-04 2.74037489e-04
5.79270785e-05 5.04494420e-05
8.17124673e-05 7.01782451e-05
1.01712726e-04 8.70906242e-05
1.13212257e-04 9.71032531e-05
1.13840932e-04 9.81575576e-05
1.04300084e-04 9.08115645e-05
8.78318137e-05 7.77496286e-05
2.10700969e-04 1.85572317e-04
3.47337149e-04 3.01198283e-04
5.03445543e-04 4.33565588e-04
6.58390943e-04 5.65231293e-04
7.88040769e-04 6.75628330e-04
8.70198885e-04 7.45703480e-04
8.90012097e-04 7.62580014e-04
8.43750087e-04 7.22872302e-04
7.39797959e-04 6.33631002e-04
5.96536769e-04 5.10600109e-04
4.37743954e-04 3.74291522e-04
2.86895593e-04 2.45048991e-04
1.62040562e-04 1.38553829e-04
7.26586621e-05 6.30369052e-05
4.85575303e-05 4.23378048e-05
5.24794172e-05 4.31782115e-05
1.98338093e-04 1.79035960e-04
1.58658755e-04 1.41245943e-04
1.15935589e-04 1.01450775e-04
7.63333452e-05 6.53364129e-05
9.54069494e-05 8.36506278e-05
1.75194510e-04 1.54482563e-04
2.76927049e-04 2.44922953e-04
3.90082863e-04 3.45565056e-04
4.99062734e-04 4.42443624e-04
5.86390326e-04 5.19899516e-04
6.36821679e-04 5.64271896e-04
6.41167601e-04 5.67346831e-04
5.98660868e-04 5.28503650e-04
5.17130390e-04 4.54882119e-04
4.10934239e-04 3.59516012e-04
2.97308909e-04 2.58021559e-04
1.92263654e-04 1.64863927e-04
1.07226284e-04 9.03033815e-05
3.60576582e-04 3.25916153e-04
3.14352132e-04 2.83460178e-04
2.52750676e-04 2.27686621e-04
1.85672105e-04 1.67495708e-04
7.08064869e-05 5.70651545e-05
7.44194198e-05 6.18629050e-05
7.27858034e-05 6.22705883e-05
6.62521370e-05 5.82724939e-05
5.60140808e-05 5.06645245e-05
5.40474121e-05 4.47698410e-05
6.04415738e-05 5.24706678e-05
6.91455475e-05 6.18490654e-05
5.97678551e-05 5.28239943e-05
4.92754252e-05 4.30461613e-05
1.88145784e-04 1.67552041e-04
9.17366422e-05 7.79432447e-05
1.05991282e-04 8.70644647e-05
1.27750505e-04 1.06752245e-04
1.42810524e-04 1.20788690e-04
1.47663454e-04 1.26490487e-04
1.40207396e-04 1.22612930e-04
4.93543063e-05 4.33487001e-05
5.73442136e-05 4.98982448e-05
6.14727223e-05 5.31751896e-05
6.11366500e-05 5.25262708e-05
5.65764394e-05 4.80650141e-05
4.87716135e-05 4.06406900e-05
5.23132013e-05 4.23580689e-05
6.53049035e-05 5.40201224e-05
7.52618411e-05 6.30460329e-05
8.02204427e-05 6.77843057e-05
7.90882129e-05 6.72777515e-05
7.19515734e-05 6.15226333e-05
6.00644958e-05 5.14866580e-05
1.93531828e-04 1.56772692e-04
3.01183630e-04 2.46047157e-04
4.18339313e-04 3.43262736e-04
5.28340147e-04 4.34601763e-04
6.13236768e-04 5.05156787e-04
6.58062123e-04 5.42499425e-04
6.54638549e-04 5.39846895e-04
6.03725802e-04 4.97839751e-04
5.14822681e-04 4.24365306e-04
4.03681103e-04 3.32483152e-04
2.88315867e-04 2.37110529e-04
1.84739531e-04 1.51494880e-04
1.03670475e-04 8.45271435e-05
5.57878901e-05 4.64151924e-05
5.51953097e-05 4.82927564e-05
6.84171803e-05 5.86272082e-05
5.53724533e-05 4.44289969e-05
9.94168683e-05 8.46583030e-05
7.79166856e-05 6.74203569e-05
1.10466795e-03 9.69251289e-04
2.57300131e-03 2.23237794e-03
4.73685937e-03 4.08408955e-03
7.47638698e-03 6.41834366e-03
1.04979678e-02 8.98268843e-03
1.33764719e-02 1.14151331e-02
1.56435884e-02 1.33195952e-02
1.68990186e-02 1.43599966e-02
1.69118516e-02 1.43453349e-02
1.56808175e-02 1.32794594e-02
1.34344019e-02 1.13598499e-02
1.05708432e-02 8.92583030e-03
7.55705004e-03 6.37262464e-03
4.81771374e-03 4.05779441e-03
2.64722435e-03 2.22749199e-03
1.16762472e-03 9.81832180e-04
3.41884966e-04 2.86527821e-04
9.26465257e-05 7.62333216e-05
5.63408322e-05 5.09296290e-05
8.49489578e-05 7.41173159e-05
5.80707208e-05 5.07178540e-05
4.87843367e-05 4.29869607e-05
1.26686261e-04 1.12499460e-04
5.18726870e-05 4.63046206e-05
6.83367871e-05 5.92461138e-05
8.17706114e-05 7.02605709e-05
8.96698628e-05 7.73273504e-05
9.04521217e-05 7.90186597e-05
8.39113020e-05 7.49118115e-05
4.82053579e-05 4.32338192e-05
4.66436410e-05 4.08599995e-05
1.12227099e-04 9.89125786e-05
1.36302509e-04 1.17974504e-04
1.57898118e-04 1.35231293e-04
1.74689265e-04 1.48911511e-04
1.84949478e-04 1.57675929e-04
1.87982368e-04 1.60942966e-04
1.84247526e-04 1.58967585e-04
1.75094555e-04 1.52622261e-04
1.62182530e-04 1.42969516e-04
1.46850640e-04 1.30849976e-04
1.29796332e-04 1.16729014e-04
2.17378191e-04 1.75393737e-04
1.89732185e-04 1.56892191e-04
1.51717443e-04 1.30252135e-04
1.01720399e-04 8.82548247e-05
8.36658384e-05 7.44601056e-05
5.22867643e-05 4.60706847e-05
5.12709137e-05 4.58406475e-05
5.05701218e-05 4.29954939e-05
5.94140200e-05 4.93062739e-05
6.51680522e-05 5.25520988e-05
4.17175061e-04 3.68145066e-04
7.52613819e-04 6.53520919e-04
1.17156619e-03 1.01027911e-03
1.62783151e-03 1.39901122e-03
2.05656718e-03 1.76422809e-03
2.38784738e-03 2.04607677e-03
2.56330041e-03 2.19464388e-03
2.55087593e-03 2.18261157e-03
2.35316659e-03 2.01235131e-03
2.00666429e-03 1.71522847e-03
1.57220850e-03 1.34336473e-03
1.11966015e-03 9.56482907e-04
7.11524025e-04 6.07899208e-04
3.90290583e-04 3.33762320e-04
1.72770658e-04 1.48391720e-04
5.26589213e-05 4.72028372e-05
9.34724709e-05 8.22225757e-05
9.79116752e-05 7.93987542e-05
1.13808271e-04 9.39478126e-05
1.42817926e-04 1.21670946e-04
1.66542322e-04 1.44691097e-04
1.80852680e-04 1.59205436e-04
1.82891006e-04 1.62625673e-04
1.71814436e-04 1.54238224e-04
6.10730164e-05 5.25709265e-05
1.08875208e-04 9.73830685e-05
5.05494461e-05 4.22395876e-05
5.77668792e-05 4.63092485e-05
6.98745736e-05 5.80702198e-05
6.41601210e-05 5.76699152e-05
7.72370982e-05 6.60176826e-05
8.27651320e-05 7.29046997e-05
7.77427014e-05 6.89168604e-05
1.06580232e-04 8.87200554e-05
1.59987681e-04 1.35389907e-04
9.89173550e-05 8.82446160e-05
1.49510586e-04 1.33841199e-04
2.98603678e-04 2.55489079e-04
1.20420885e-03 1.01129561e-03
3.75780060e-03 3.18151988e-03
8.08269603e-03 6.85213035e-03
1.41791481e-02 1.20231385e-02
2.16068750e-02 1.83200384e-02
2.94900860e-02 2.49992812e-02
3.66639513e-02 3.10730611e-02
4.19284982e-02 3.55248709e-02
4.43400974e-02 3.75565629e-02
4.34532446e-02 3.67929173e-02
3.94372767e-02 3.33799471e-02
3.30310528e-02 2.79458050e-02
2.53501867e-02 2.14368752e-02
1.76077236e-02 1.48808289e-02
1.08338691e-02 9.14925765e-03
5.67560016e-03 4.78831646e-03
2.32704281e-03 1.96032111e-03
6.14067623e-04 5.15870484e-04
2.74129669e-04 2.30047923e-04
2.05945766e-04 1.71145655e-04
1.34999356e-04 1.12930162e-04
1.32578815e-04 1.09685545e-04
6.35990752e-05 5.18342323e-05
5.09267344e-05 4.24915798e-05
7.62448591e-05 6.81561215e-05
1.16210683e-04 1.01810838e-04
1.58357426e-04 1.36610404e-04
1.96347898e-04 1.67308184e-04
2.23682713e-04 1.88705936e-04
2.35324269e-04 1.96957878e-04
2.29029814e-04 1.90583228e-04
2.05963918e-04 1.70863603e-04
1.70390952e-04 1.41497856e-04
1.28550223e-04 1.07627819e-04
8.70798286e-05 7.45461244e-05
5.14900379e-05 4.64816866e-05
5.55137962e-05 4.99402231e-05
5.22486071e-05 4.56485356e-05
5.62266627e-05 4.52225872e-05
5.90914874e-05 4.85930575e-05
5.79580357e-05 4.82996198e-05
5.29552286e-05 4.42897316e-05
1.16966915e-04 1.02596144e-04
5.03117588e-05 4.31104861e-05
6.09876724e-05 5.39128414e-05
1.06925793e-04 8.65257147e-05
8.87076862e-05 7.34871364e-05
6.64229515e-05 5.73446306e-05
5.71962858e-05 4.59777312e-05
7.63924388e-05 6.59423478e-05
9.08865697e-05 8.19293272e-05
4.51861346e-05 4.02492776e-05
7.29510119e-05 5.95906535e-05
6.57508318e-05 5.34760524e-05
5.36578919e-05 4.83106982e-05
6.07360243e-05 5.22777876e-05
7.58384782e-05 6.79847369e-05
8.48873903e-05 7.30615900e-05
1.48639737e-04 1.31641326e-04
2.27470077e-04 2.04555401e-04
1.55085201e-04 1.36396877e-04
7.25936502e-05 5.92257447e-05
6.10929063e-05 5.14730794e-05
6.44448757e-05 5.72163388e-05
2.27456692e-04 2.05479331e-04
1.91665498e-04 1.70709074e-04
1.49778612e-04 1.30375794e-04
1.08460051e-04 9.05747017e-05
2.01870283e-04 1.81489197e-04
2.73608370e-04 2.40864995e-04
3.36764274e-04 2.92909965e-04
3.80799976e-04 3.28776065e-04
3.97892620e-04 3.41947703e-04
3.84876152e-04 3.29937704e-04
3.44040854e-04 2.94951587e-04
2.82542267e-04 2.43309098e-04
2.10604212e-04 1.83810087e-04
1.39073748e-04 1.25562120e-04
9.47052576e-05 8.44896249e-05
1.64236270e-04 1.45220491e-04
2.46974146e-04 2.18578953e-04
3.32817365e-04 2.95999839e-04
4.08833314e-04 3.66096550e-04
4.62141676e-04 4.17168823e-04
1.08616921e-04 9.77940608e-05
1.02736914e-04 9.05177469e-05
9.00135623e-05 7.78067119e-05
7.26692396e-05 6.18085756e-05
5.35698760e-05 4.50533551e-05
6.19219375e-05 4.97883048e-05
1.00944336e-04 8.41307728e-05
5.94099473e-05 5.26624200e-05
7.24321029e-05 6.38047416e-05
8.07090950e-05 7.06366488e-05
8.28054271e-05 7.20378523e-05
7.84582370e-05 6.78849321e-05
6.86239525e-05 5.90664496e-05
5.51958140e-05 4.72193740e-05
7.79320433e-05 6.73660645e-05
1.16046129e-04 1.04479471e-04
1.09852880e-04 9.53740765e-05
6.39536444e-05 5.72108668e-05
8.36266603e-05 7.14534508e-05
9.92403657e-05 8.20147701e-05
1.08271370e-04 8.70682113e-05
1.03480367e-04 8.63502829e-05
1.44286297e-04 1.18928533e-04
9.01574538e-05 7.66448476e-05
6.41009981e-05 5.73191301e-05
6.25480497e-05 5.02021041e-05
8.78720891e-05 7.32556667e-05
1.11982576e-04 9.50536259e-05
1.30649869e-04 1.11985161e-04
1.40366098e-04 1.21096037e-04
1.39315829e-04 1.20857806e-04
1.27886838e-04 1.11582989e-04
1.08524002e-04 9.53078779e-05
8.49808242e-05 7.51822903e-05
6.12476225e-05 5.45982549e-05
5.94484252e-05 5.20540660e-05
6.00466877e-05 4.81653837e-05
6.77170055e-05 5.63738869e-05
7.33641973e-05 6.27740241e-05
7.60149467e-05 6.64394589e-05
7.49852567e-05 6.66943986e-05
7.00719798e-05 6.32918529e-05
4.69966158e-05 4.06597385e-05
7.13465225e-05 6.39763182e-05
9.49205381e-05 8.36536542e-05
5.91165151e-05 4.93687035e-05
1.19658896e-04 1.04557500e-04
1.65025516e-04 1.36089593e-04
2.08013741e-04 1.68831797e-04
2.30988458e-04 1.87077295e-04
2.24645552e-04 1.81401290e-04
1.94373441e-04 1.56088729e-04
1.56281758e-04 1.25266590e-04
1.25564313e-04 1.01065462e-04
1.08764387e-04 8.73676480e-05
1.06566654e-04 8.61273289e-05
1.08583850e-04 8.98977499e-05
9.43449415e-05 7.93401096e-05
5.34921716e-05 4.55920018e-05
5.31187766e-05 4.44492542e-05
1.09205393e-04 8.84779494e-05
1.55929809e-04 1.35122412e-04
1.14306598e-04 1.03409749e-04
6.99703221e-05 6.10296915e-05
1.25568661e-04 1.13377663e-04
8.13680475e-05 7.03334033e-05
5.72237298e-05 5.15119946e-05
5.33810760e-05 4.29446566e-05
5.84037920e-05 4.89724443e-05
6.08361047e-05 5.26536589e-05
6.02442643e-05 5.33963415e-05
5.65141820e-05 5.10707941e-05
6.80708620e-05 5.56649554e-05
1.15243460e-04 9.26835732e-05
1.48647442e-04 1.20919066e-04
1.76505560e-04 1.44566259e-04
1.93901099e-04 1.59462512e-04
1.97701448e-04 1.62926720e-04
1.87378414e-04 1.54475414e-04
1.65146101e-04 1.35970294e-04
1.35386629e-04 1.11154107e-04
1.03566652e-04 8.47528149e-05
7.50435913e-05 6.15855175e-05
5.42625379e-05 4.63258299e-05
5.60790475e-05 4.57220505e-05
4.74406267e-05 4.28801889e-05
8.64703484e-05 7.02448528e-05
8.68723880e-05 7.23664644e-05
8.16931041e-05 6.92517448e-05
7.15348477e-05 6.13295668e-05
5.79237235e-05 4.99440729e-05
6.69474632e-05 6.05405896e-05
3.08679683e-04 2.50483561e-04
3.90925736e-04 3.30440646e-04
4.64198831e-04 4.05329383e-04
5.16165698e-04 4.63031590e-04
1.31522205e-04 1.06568066e-04
1.15568716e-04 9.63261899e-05
9.36813700e-05 8.11383307e-05
2.95757982e-04 2.67100131e-04
1.56559576e-04 1.36846645e-04
6.51242302e-05 5.32794236e-05
8.83547414e-05 7.11302339e-05
7.68413593e-04 6.17730154e-04
1.11852317e-03 9.01853321e-04
1.47034903e-03 1.18779007e-03
1.76951945e-03 1.43107061e-03
1.96490785e-03 1.58989424e-03
2.02131368e-03 1.63549250e-03
1.92854176e-03 1.55954004e-03
1.70404165e-03 1.37629582e-03
1.38828709e-03 1.11880942e-03
1.03438190e-03 8.30413171e-04
5.76011468e-05 4.98970025e-05
6.49966354e-05 5.28205075e-05
2.45746045e-04 2.21044280e-04
2.62178975e-04 2.34120190e-04
2.59468588e-04 2.29926422e-04
2.37975897e-04 2.09103969e-04
2.01511039e-04 1.75335220e-04
1.56339514e-04 1.34399767e-04
1.09620002e-04 9.27433490e-05
6.77745733e-05 5.60091156e-05
4.96017309e-05 4.11624982e-05
6.58893805e-05 5.93124683e-05
5.80154849e-05 5.08724374e-05
4.76683721e-05 4.01131717e-05
2.48374059e-04 2.20167274e-04
3.97810559e-04 3.48702095e-04
5.66250661e-04 4.93635217e-04
7.30979815e-04 6.35185574e-04
8.65920843e-04 7.50673461e-04
9.47702620e-04 8.19811078e-04
9.61496458e-04 8.29798585e-04
9.04835827e-04 7.78659806e-04
7.88227908e-04 6.75766291e-04
6.32377410e-04 5.39385577e-04
4.62914154e-04 3.92035393e-04
3.04266097e-04 2.55095661e-04
1.74497741e-04 1.44305680e-04
8.25290341e-05 6.74774488e-05
1.17850821e-04 9.53849924e-05
1.21981234e-04 9.78546625e-05
4.50876960e-05 4.05694443e-05
5.43529590e-05 4.75385128e-05
6.07923254e-05 5.19940719e-05
6.31581847e-05 5.30596088e-05
6.09004068e-05 5.05443773e-05
5.43394485e-05 4.49847958e-05
5.74737688e-05 4.96318127e-05
7.63142926e-05 6.40242579e-05
9.15227449e-05 7.52934715e-05
1.00490543e-04 8.14174717e-05
6.34337032e-05 5.21870111e-05
6.19547917e-05 5.27616980e-05
5.67154814e-05 4.87309428e-05
4.87015386e-05 4.08847148e-05
6.41324543e-05 5.27136714e-05
8.85786218e-05 7.89824268e-05
6.49772631e-05 5.58296635e-05
7.01310684e-05 5.66195579e-05
5.09826285e-05 4.48940974e-05
5.16392115e-05 4.43360058e-05
4.82116659e-05 4.19240408e-05
6.30916891e-05 5.52340862e-05
5.96790428e-05 5.33109107e-05
5.29581282e-05 4.27737952e-05
6.91399557e-05 6.16441589e-05
5.11222868e-05 4.43239342e-05
3.43096814e-04 2.76668902e-04
2.93221613e-04 2.37120918e-04
2.52319652e-04 2.03505608e-04
5.29149259e-05 4.63591976e-05
6.19909110e-05 5.42875942e-05
6.74694635e-05 5.70246481e-05
6.67967760e-05 5.56367242e-05
5.98413199e-05 5.03465244e-05
4.82476524e-05 4.20242500e-05
7.11441768e-05 6.42131480e-05
2.19904871e-04 1.87689310e-04
2.14734052e-04 1.93509896e-04
1.06827739e-04 9.54344321e-05
7.37542138e-05 6.17366534e-05
5.26075470e-05 4.47054633e-05
5.80943032e-05 4.95271999e-05
5.97208851e-05 5.12205512e-05
5.72540261e-05 4.93366504e-05
5.10470158e-05 4.41179298e-05
7.47010113e-05 6.40261569e-05
4.68980666e-05 4.14588045e-05
7.01899347e-05 6.33411634e-05
8.47791732e-05 7.59160187e-05
9.46060771e-05 8.44883890e-05
9.80239658e-05 8.75822233e-05
9.45588655e-05 8.47402274e-05
8.50181071e-05 7.66327187e-05
5.73667083e-05 5.13772460e-05
5.88719925e-05 4.88026029e-05
1.59507994e-04 1.31270966e-04
1.89590733e-04 1.70010023e-04
4.75771758e-05 4.28952115e-05
6.54172599e-05 5.87677028e-05
6.14558595e-05 5.37442577e-05
5.35517920e-05 4.58607819e-05
8.19147148e-05 6.88206577e-05
1.19798729e-04 1.03042003e-04
1.56884740e-04 1.36414119e-04
1.87373118e-04 1.63261896e-04
2.06223465e-04 1.78792146e-04
2.10328214e-04 1.80334598e-04
1.99216037e-04 1.68032562e-04
1.75091843e-04 1.44759847e-04
1.42224876e-04 1.15260638e-04
7.11409554e-05 5.75885728e-05
1.42000133e-04 1.23945645e-04
1.35768346e-04 1.14178237e-04
1.20616618e-04 9.73823494e-05
5.31579675e-05 4.65177435e-05
4.46311935e-05 4.02198778e-05
5.98682129e-05 5.15960200e-05
7.34647175e-05 6.11361579e-05
8.32417675e-05 6.72270198e-05
4.90970016e-05 4.08367467e-05
5.86790117e-05 4.85326642e-05
6.48623980e-05 5.29982911e-05
4.68770291e-05 4.02103316e-05
5.51132483e-05 4.89691694e-05
4.48835413e-05 4.00676943e-05
5.88741869e-05 5.17362680e-05
6.90471992e-05 6.08927347e-05
7.38737126e-05 6.60498625e-05
4.98985297e-05 4.46601854e-05
5.26151607e-04 4.24141266e-04
4.02884456e-04 3.33483128e-04
2.74146291e-04 2.39189511e-04
2.97014180e-04 2.40384336e-04
3.41966734e-04 2.77467695e-04
3.66280627e-04 2.96167789e-04
3.65135634e-04 2.93130473e-04
1.58025269e-04 1.27576304e-04
9.67203208e-05 8.21744414e-05
1.70486506e-04 1.49137798e-04
1.99236422e-04 1.65689336e-04
9.69919886e-05 7.90562425e-05
1.84566743e-04 1.52588014e-04
2.07894436e-04 1.80398373e-04
2.18062434e-04 1.94092920e-04
2.13658397e-04 1.91726928e-04
1.95632574e-04 1.74391736e-04
1.66929004e-04 1.45782132e-04
1.31749146e-04 1.11171428e-04
9.47067173e-05 7.61001957e-05
9.86485549e-05 8.50935895e-05
2.26037407e-04 1.81360204e-04
5.95564834e-05 4.84902458e-05
6.14066488e-05 4.93071222e-05
4.90317848e-05 4.09074078e-05
5.07941112e-05 4.16151733e-05
6.12017609e-05 5.11250243e-05
6.74189410e-05 5.92668270e-05
6.57196334e-05 5.80803388e-05
5.82693913e-05 4.92761095e-05
1.85905761e-04 1.64459479e-04
4.20358945e-04 3.58721227e-04
7.64483601e-04 6.43578423e-04
1.19909483e-03 1.00311601e-03
1.67722353e-03 1.39859598e-03
2.13107293e-03 1.77413346e-03
2.48635434e-03 2.06837836e-03
2.68015530e-03 2.22913643e-03
2.67699793e-03 2.22662292e-03
2.47807765e-03 2.06125116e-03
2.12077472e-03 1.76350117e-03
1.66866274e-03 1.38592786e-03
1.19526297e-03 9.89858349e-04
7.66633587e-04 6.30913161e-04
4.27940613e-04 3.47658110e-04
4.62396774e-05 4.06228221e-05
4.68876360e-05 4.14489923e-05
4.91928461e-05 4.36940322e-05
5.69445098e-05 4.98972315e-05
6.15055764e-05 5.24482770e-05
6.16763096e-05 5.07968356e-05
1.97607498e-04 1.60132497e-04
4.18825935e-04 3.40081284e-04
7.33105558e-04 5.94469189e-04
1.11880424e-03 9.05866437e-04
1.53137372e-03 1.23841286e-03
1.91058567e-03 1.54365880e-03
2.19352196e-03 1.77102882e-03
2.32977683e-03 1.88005732e-03
2.29432152e-03 1.85073721e-03
2.09401923e-03 1.68875171e-03
1.76572809e-03 1.42392636e-03
1.36661452e-03 1.10240141e-03
9.59754219e-04 7.75005186e-04
5.99449715e-04 4.85400735e-04
3.20494174e-04 2.61408775e-04
1.34035844e-04 1.11583808e-04
1.26716897e-04 1.02676694e-04
1.20497572e-04 9.98925066e-05
1.06054628e-04 9.02681983e-05
8.59649222e-05 7.55092269e-05
6.74167781e-05 5.75780127e-05
1.03462283e-03 8.82186051e-04
1.40857397e-03 1.25831547e-03
4.91340558e-05 4.07701150e-05
6.11565415e-05 5.40661986e-05
1.31297627e-04 1.17003285e-04
1.51431809e-04 1.32340197e-04
1.61069171e-04 1.38664204e-04
1.58503726e-04 1.34799709e-04
1.44377173e-04 1.21481149e-04
1.21430881e-04 1.01111934e-04
9.37247530e-05 7.71067532e-05
6.55952730e-05 5.30495917e-05
1.16953586e-04 9.99438958e-05
6.16519147e-05 5.49871656e-05
8.83612393e-05 7.65289342e-05
4.72928285e-05 4.16446809e-05
6.73506000e-05 5.88557701e-05
8.69214617e-05 7.58397225e-05
1.02836456e-04 8.99074363e-05
1.12208456e-04 9.86400094e-05
1.13171352e-04 1.00474391e-04
1.05396854e-04 9.50948194e-05
8.65528212e-05 7.50895116e-05
1.46749911e-04 1.27962926e-04
2.18810571e-04 1.91152927e-04
2.94059149e-04 2.56796223e-04
3.61234209e-04 3.15009228e-04
4.08973620e-04 3.56036480e-04
4.28601552e-04 3.72610066e-04
4.16376926e-04 3.61799734e-04
3.74495202e-04 3.25770998e-04
3.10520729e-04 2.71206021e-04
2.35430235e-04 2.07568228e-04
1.60887780e-04 1.44755824e-04
5.78448283e-05 4.80044759e-05
6.48858631e-05 5.44652210e-05
6.73448035e-05 5.70963253e-05
6.46346924e-05 5.53466555e-05
5.72545585e-05 4.95716332e-05
4.66491210e-05 4.08747709e-05
7.16171362e-05 6.36001315e-05
6.75377510e-05 5.88040473e-05
5.95307335e-05 5.12413931e-05
4.89840233e-05 4.22968176e-05
6.45374500e-05 5.18414220e-05
9.25469457e-05 7.60634905e-05
1.23297054e-04 1.01981001e-04
1.54433514e-04 1.27455763e-04
1.82702600e-04 1.49803347e-04
2.04750760e-04 1.66392400e-04
2.18353662e-04 1.75567012e-04
3.15118470e-04 2.53973899e-04
2.86247649e-04 2.34022833e-04
2.39090624e-04 1.99767091e-04
1.77603825e-04 1.54296298e-04
1.78855592e-04 1.59057163e-04
1.92085308e-04 1.69122341e-04
1.87710182e-04 1.63834200e-04
1.68550156e-04 1.45665430e-04
1.39293358e-04 1.18905589e-04
1.05588823e-04 8.86475778e-05
7.28580660e-05 5.96694420e-05
7.59943563e-05 6.80370529e-05
1.67738363e-04 1.43015021e-04
3.04919692e-04 2.54632663e-04
4.81884490e-04 3.98172379e-04
6.82423164e-04 5.60522624e-04
8.81644250e-04 7.21631416e-04
1.05091562e-03 8.58447136e-04
1.16448331e-03 9.50237467e-04
1.20571684e-03 9.83632064e-04
1.17094799e-03 9.55734357e-04
1.06965200e-03 8.74270316e-04
9.20992388e-04 7.54774583e-04
7.48004502e-04 6.15843107e-04
5.71427477e-04 4.74088657e-04
4.05311979e-04 3.40516714e-04
2.57060425e-04 2.20315291e-04
1.42666231e-04 1.23157794e-04
6.46495923e-04 5.19570590e-04
7.02912143e-04 5.66781174e-04
7.03781600e-04 5.68279402e-04
6.50674350e-04 5.25447208e-04
5.55082056e-04 4.47883434e-04
4.35187730e-04 3.50645382e-04
3.11008192e-04 2.50166725e-04
1.99605890e-04 1.60289276e-04
1.11938075e-04 8.97239986e-05
1.59204182e-04 1.30315887e-04
1.84254232e-04 1.54197540e-04
1.90974965e-04 1.62251926e-04
1.78735624e-04 1.53812642e-04
1.51388446e-04 1.32250472e-04
1.25301649e-04 1.10576328e-04
1.61147111e-04 1.34936018e-04
3.01902213e-04 2.44101570e-04
5.26260453e-04 4.22968768e-04
8.09976497e-04 6.50946499e-04
1.11894518e-03 9.00195118e-04
1.40700928e-03 1.13333681e-03
1.62444206e-03 1.31006908e-03
1.73026518e-03 1.39709173e-03
1.70351654e-03 1.37724963e-03
1.54942616e-03 1.25458548e-03
1.29819385e-03 1.05343478e-03
9.97263696e-04 8.12287799e-04
7.03830495e-04 5.77787632e-04
4.95720028e-04 4.12593045e-04
4.83527782e-04 4.01815161e-04
6.53006039e-04 5.34476075e-04
8.78944367e-04 7.13709954e-04
1.08462802e-03 8.77674271e-04
1.22389273e-03 9.88698038e-04
1.26795826e-03 1.02332365e-03
1.20840335e-03 9.74640315e-04
1.05858401e-03 8.53387270e-04
8.49160434e-04 6.84312498e-04
6.18988875e-04 4.98781782e-04
4.04669099e-04 3.26306029e-04
2.32171504e-04 1.87775234e-04
1.12838192e-04 9.22709021e-05
8.26856439e-05 6.98013983e-05
1.43517844e-04 1.18301607e-04
2.17781692e-04 1.77722978e-04
2.96020864e-04 2.40569405e-04
3.65949568e-04 2.96905921e-04
4.15326498e-04 3.36719697e-04
4.35105631e-04 3.52524853e-04
4.21892910e-04 3.41419559e-04
3.78920312e-04 3.05936970e-04
3.15195699e-04 2.53398606e-04
5.26931173e-05 4.34223974e-05
2.41624308e-04 1.95234399e-04
2.84021673e-04 2.32588494e-04
3.09002382e-04 2.55145499e-04
3.12221285e-04 2.59265369e-04
2.93377270e-04 2.44728797e-04
2.56135753e-04 2.14618539e-04
2.06993080e-04 1.74331526e-04
1.53544379e-04 1.30116625e-04
1.02803032e-04 8.76611255e-05
5.99838045e-05 5.10380271e-05
1.09511034e-04 9.81147415e-05
2.10188723e-04 1.80966728e-04
3.42389213e-04 2.88383795e-04
4.94230112e-04 4.10618917e-04
6.46134431e-04 5.31804332e-04
7.74662929e-04 6.33129041e-04
8.57886621e-04 6.97169083e-04
8.80835432e-04 7.12223991e-04
8.39359322e-04 6.75354417e-04
2.61579057e-04 2.10922922e-04
3.28941038e-04 2.69090358e-04
4.16861755e-04 3.40362156e-04
5.01994033e-04 4.07624640e-04
5.63610659e-04 4.55406502e-04
5.87810841e-04 4.73178858e-04
5.69247720e-04 4.57002996e-04
5.11241836e-04 4.09757276e-04
4.24171130e-04 3.39876156e-04
3.22515849e-04 2.58965092e-04
2.21386739e-04 1.79001034e-04
1.33433048e-04 1.09851011e-04
6.66600542e-05 5.74878379e-05
6.10040328e-05 5.24063967e-05
9.65126342e-05 8.25672881e-05
1.28968353e-04 1.09492422e-04
1.49474840e-04 1.26077543e-04
1.50784008e-04 1.26500461e-04
1.30194252e-04 1.08555758e-04
9.46626875e-05 7.76441734e-05
1.74348817e-04 1.42066674e-04
2.21660226e-04 1.82557836e-04
2.44850727e-04 2.03533683e-04
2.40065499e-04 2.01697761e-04
2.10543449e-04 1.79407103e-04
1.64697904e-04 1.43196217e-04
1.13335064e-04 1.01635650e-04
1.82650326e-04 1.47753113e-04
1.96328287e-04 1.60758915e-04
1.96599821e-04 1.62269568e-04
1.83072270e-04 1.51791315e-04
1.57793351e-04 1.30908012e-04
1.24952221e-04 1.03016362e-04
8.99781496e-05 7.25929765e-05
2.15480538e-04 1.73377801e-04
1.87844722e-04 1.52311201e-04
1.46574852e-04 1.19653249e-04
9.89604245e-05 8.05820499e-05
3.00229108e-04 2.69922541e-04
2.80415545e-04 2.51748973e-04
8.54273393e-05 7.70286266e-05
4.92433696e-05 4.17824320e-05
2.50142308e-04 2.15933292e-04
5.62151597e-05 4.99325677e-05
5.11867702e-05 4.41532127e-05
5.50002324e-05 4.59798159e-05
5.53914907e-05 4.47202275e-05
5.72919946e-05 5.05657555e-05
5.38994701e-05 4.65347352e-05
4.72739307e-05 4.01890185e-05
7.38028610e-05 6.59641468e-05
6.81665505e-05 5.64302903e-05
8.52713386e-05 7.21876534e-05
1.06501370e-04 9.04999303e-05
1.29055839e-04 1.09103342e-04
1.48793136e-04 1.24882135e-04
1.61605354e-04 1.34700080e-04
1.64569226e-04 1.36211654e-04
1.56669269e-04 1.28460815e-04
1.38980174e-04 1.12130829e-04
4.63159868e-05 4.09866922e-05
5.23443502e-05 4.56121311e-05
5.55154180e-05 4.79497271e-05
5.51291102e-05 4.74238641e-05
5.10489784e-05 4.38913502e-05
5.94545595e-05 4.99025033e-05
7.33718074e-05 6.15539679e-05
8.43722070e-05 7.04760152e-05
9.04438163e-05 7.53835089e-05
9.04234704e-05 7.55390854e-05
8.42808091e-05 7.09393252e-05
7.30889354e-05 6.23316941e-05
5.87150573e-05 5.10552619e-05
5.71910280e-05 4.72201284e-05
8.23008283e-05 7.00962134e-05
1.04930136e-04 9.11344956e-05
1.21084742e-04 1.06935077e-04
1.27767733e-04 1.14988639e-04
4.72720314e-05 4.13832911e-05
5.45170550e-05 4.83816860e-05
5.94972934e-05 5.29944214e-05
6.14686148e-05 5.41491434e-05
5.99933322e-05 5.13288997e-05
5.51286159e-05 4.48201248e-05
4.91304800e-05 4.13134298e-05
1.06359776e-04 8.56504304e-05
1.76139126e-03 1.42822636e-03
2.26655797e-03 1.88097674e-03
2.77327818e-03 2.34082538e-03
3.20607260e-03 2.73658861e-03
3.48785428e-03 2.99788114e-03
3.56147002e-03 3.07363734e-03
3.40518016e-03 2.94507913e-03
3.03854803e-03 2.63030146e-03
2.51775403e-03 2.17964161e-03
1.92201546e-03 1.66336092e-03
1.33511487e-03 1.15522777e-03
8.27260220e-04 7.16627265e-04
4.42191054e-04 3.85479289e-04
1.92817850e-04 1.72696675e-04
3.46562897e-04 2.98587549e-04
6.23359611e-04 5.07586507e-04
1.07920067e-04 8.79444929e-05
7.24642252e-05 6.09325600e-05
1.14265299e-04 9.60678482e-05
9.99791194e-05 8.46648133e-05
5.33852571e-05 4.40593275e-05
1.05000768e-04 9.32494166e-05
5.26097958e-05 4.71922211e-05
1.09264760e-04 9.25993088e-05
6.43086132e-05 5.79082223e-05
4.54689752e-05 4.10535265e-05
6.41463066e-05 5.71046201e-05
7.16998949e-05 6.22161927e-05
7.55025037e-05 6.48968044e-05
7.46632187e-05 6.43440393e-05
6.85713276e-05 5.98421124e-05
5.74511391e-05 5.13454587e-05
5.80421195e-05 5.22238744e-05
6.49938770e-05 5.70116613e-05
5.34002778e-05 4.53612964e-05
5.47139791e-05 4.44606300e-05
1.00864296e-04 8.81399939e-05
7.52456879e-05 6.18726487e-05
5.51407575e-05 4.70005011e-05
1.02840672e-04 8.94734683e-05
1.66530611e-04 1.43747885e-04
2.39130140e-04 2.04524629e-04
3.10240039e-04 2.63937612e-04
3.68317683e-04 3.12916064e-04
4.03417875e-04 3.43177364e-04
4.09623178e-04 3.49269720e-04
3.86403880e-04 3.30021147e-04
3.38529470e-04 2.88908118e-04
2.74641941e-04 2.33197558e-04
2.05010910e-04 1.72117711e-04
1.39185034e-04 1.14628256e-04
8.42034634e-05 6.74780114e-05
1.06043901e-04 8.85049773e-05
4.97455103e-05 4.40104546e-05
1.21002460e-04 1.08259623e-04
6.25730962e-05 5.22927573e-05
1.04239288e-04 8.36878399e-05
1.10039033e-04 9.05398059e-05
1.07296050e-04 9.03655196e-05
9.63473149e-05 8.35063076e-05
7.91868422e-05 7.15446643e-05
5.95835285e-05 5.04212087e-05
5.45307779e-05 4.89947590e-05
8.83825877e-05 7.24821711e-05
4.66785113e-05 4.20177139e-05
5.87839780e-05 5.31832544e-05
9.22787062e-05 8.28592702e-05
1.04942871e-04 8.62515941e-05
1.71591808e-04 1.47780163e-04
1.95788643e-04 1.73443654e-04
4.00939956e-04 3.59427792e-04
1.81005949e-04 1.62701466e-04
8.83109868e-05 7.89165214e-05
5.79617461e-05 4.96521797e-05
2.20705674e-04 1.98974761e-04
5.09617878e-05 4.35888912e-05
6.65619242e-05 5.72583614e-05
8.00393114e-05 7.01124194e-05
8.94769639e-05 8.01242994e-05
1.31594562e-04 1.18482078e-04
3.75858007e-04 3.29187273e-04
7.90324343e-04 6.84893136e-04
1.37893034e-03 1.18913611e-03
2.10446962e-03 1.81005528e-03
2.88721410e-03 2.47933046e-03
3.61701429e-03 3.10256619e-03
4.17628656e-03 3.57901181e-03
4.46777224e-03 3.82539136e-03
4.43892535e-03 3.79685229e-03
4.09544330e-03 3.49859181e-03
3.49970890e-03 2.98450741e-03
2.75465677e-03 2.34329972e-03
1.97813324e-03 1.67638463e-03
1.27558146e-03 1.07436239e-03
7.18945338e-04 5.98856872e-04
3.37199644e-04 2.74415530e-04
5.30656983e-04 4.78370941e-04
1.19801889e-03 1.07704040e-03
2.18383178e-03 1.96500109e-03
3.43936511e-03 3.09866441e-03
4.83741309e-03 4.36330855e-03
6.18885510e-03 5.58777319e-03
7.28053825e-03 6.57864987e-03
7.92472487e-03 7.16513445e-03
8.00579763e-03 7.24155204e-03
7.50997050e-03 6.79456246e-03
6.52872151e-03 5.90652767e-03
5.23489972e-03 4.73400004e-03
3.83905778e-03 3.46813192e-03
2.53947664e-03 2.28923402e-03
1.48057788e-03 1.32888297e-03
7.30767120e-04 6.49725147e-04
2.84031540e-04 2.47244579e-04
8.37072529e-05 7.37128316e-05
6.16684332e-05 5.01351262e-05
1.00713048e-04 8.40606594e-05
1.48869767e-04 1.25705058e-04
2.00961583e-04 1.70841233e-04
2.49722821e-04 2.13325215e-04
2.87335633e-04 2.46380356e-04
3.07278837e-04 2.64217863e-04
3.05958909e-04 2.63519059e-04
2.83626550e-04 2.44320457e-04
2.44294558e-04 2.10018479e-04
1.94687204e-04 1.66489455e-04
1.42554243e-04 1.20603525e-04
9.48661903e-05 7.85970731e-05
5.24359822e-05 4.71342227e-05
1.30684473e-04 1.16428752e-04
3.33612981e-04 2.85889609e-04
6.47305251e-04 5.47195149e-04
1.06346530e-03 8.92898400e-04
1.54597296e-03 1.29268110e-03
2.03421958e-03 1.69614476e-03
2.45438720e-03 2.04219570e-03
2.73601861e-03 2.27277409e-03
2.82923743e-03 2.34705890e-03
2.71744732e-03 2.25186801e-03
2.42157854e-03 2.00502362e-03
1.99456804e-03 1.65063727e-03
1.50783786e-03 1.24782192e-03
1.03398337e-03 8.56350909e-04
6.30851840e-04 5.23559005e-04
3.31411120e-04 2.76098630e-04
1.41696386e-04 1.18378463e-04
6.78205843e-05 5.86340495e-05
2.14446719e-04 1.90805836e-04
7.72380806e-05 6.50613773e-05
4.82384049e-04 3.95276049e-04
8.39469266e-04 6.96217499e-04
1.26863634e-03 1.05775810e-03
1.71630985e-03 1.43477528e-03
2.11356679e-03 1.76931950e-03
2.39171833e-03 2.00367630e-03
2.49943211e-03 2.09472743e-03
2.41617480e-03 2.02523754e-03
2.15771820e-03 1.80848709e-03
1.77193300e-03 1.48474658e-03
1.32621789e-03 1.11071175e-03
8.90551586e-04 7.45245634e-04
5.21374144e-04 4.35807013e-04
2.50910736e-04 2.09452189e-04
8.44568625e-05 7.05239444e-05
5.59611360e-05 5.06238665e-05
6.95291926e-05 6.24714636e-05
8.05189936e-05 7.15657159e-05
8.66685017e-05 7.64313667e-05
8.66471700e-05 7.62827049e-05
8.03538467e-05 7.12327255e-05
6.88937772e-05 6.22877609e-05
6.29121890e-05 5.18510443e-05
7.68118874e-05 6.27760900e-05
8.64619922e-05 7.06964164e-05
9.02469524e-05 7.42260911e-05
8.75799010e-05 7.27123819e-05
7.90384883e-05 6.63962903e-05
6.62019703e-05 5.63489103e-05
5.12421846e-05 4.42064058e-05
5.88502823e-05 4.78106186e-05
7.39391262e-05 6.16011542e-05
8.56211447e-05 7.26458176e-05
9.13621942e-05 7.90463500e-05
8.97039064e-05 7.96499042e-05
6.62377334e-05 5.32550790e-05
9.02920668e-05 7.72468336e-05
1.40095186e-04 1.14993288e-04
1.92798416e-04 1.55549321e-04
2.40686801e-04 1.93093130e-04
2.75793006e-04 2.21388351e-04
2.91814766e-04 2.35296027e-04
2.85722061e-04 2.32100005e-04
2.58554671e-04 2.12232854e-04
2.15157818e-04 1.79172779e-04
1.62940500e-04 1.38545509e-04
1.10049251e-04 9.67158838e-05
