freq,int_water,int_deu,cluster
2162.17041000,0.00000000,0.00004717,0
2277.42195000,0.00000000,0.00008802,0
2364.92157000,0.00000000,0.00034555,0
2365.01694000,0.00000000,0.00006661,0
2365.51762000,0.00000000,0.00026114,0
2427.08921000,0.00000000,0.00006369,0
2499.99762000,0.00026196,0.00030782,1
2539.71815000,0.00000000,0.00004066,0
2539.90889000,0.00000000,0.00006944,0
2555.40609000,0.00000000,0.00004477,0
2629.16088000,0.00000000,0.00018891,0
2753.03125000,0.00000000,0.00009058,0
2834.12933000,0.00000000,0.00023358,0
2835.14261000,0.00000000,0.00006820,0
2876.88971000,0.00000000,0.00008583,0
2911.65113000,0.00000000,0.00011826,0
2930.09281000,0.00000000,0.00006165,0
2976.41754000,0.00000000,0.00006109,0
2985.75163000,0.00000000,0.00004034,0
3009.17625000,0.00000000,0.00004030,0
3021.77668000,0.00000000,0.00004669,0
3035.92682000,0.00000000,0.00004722,0
3042.69791000,0.00000000,0.00007888,0
3043.80655000,0.00000000,0.00005018,0
3089.42795000,0.00000000,0.00004344,0
3092.86118000,0.00000000,0.00034913,0
3101.83764000,0.00000000,0.00005388,0
3104.05493000,0.00000000,0.00004833,0
3118.03818000,0.00000000,0.00004024,0
3142.39264000,0.00000000,0.00006382,0
3142.42840000,0.00000000,0.00005270,0
3158.27131000,0.00000000,0.00005743,0
3165.55500000,0.00000000,0.00016124,0
3174.82948000,0.00000000,0.00005184,0
3200.07801000,0.00000000,0.00005142,0
3200.16146000,0.00000000,0.00004595,0
3251.57642000,0.00000000,0.00004539,0
3258.25214000,0.00000000,0.00009637,0
3266.29877000,0.00000000,0.00009392,0
3273.71359000,0.00000000,0.00005808,0
3291.22543000,0.00000000,0.00011157,0
3295.32623000,0.00000000,0.00004398,0
3313.94672000,0.00000000,0.00008050,0
3326.40409000,0.00000000,0.00044175,0
3326.57099000,0.00000000,0.00118024,0
3332.16190000,0.00000000,0.00007991,0
3332.26919000,0.00000000,0.00020993,0
3335.75010000,0.00000000,0.00005870,0
3337.71706000,0.00000000,0.00007619,0
3350.09098000,0.00000000,0.00052738,0
3357.23162000,0.00000000,0.00007798,0
3357.32698000,0.00000000,0.00011942,0
3357.42235000,0.00000000,0.00011221,0
3363.97886000,0.00000000,0.00008449,0
3364.14576000,0.00000000,0.00010253,0
3365.42130000,0.00013901,0.00040615,3
3368.55650000,0.00000000,0.00004452,0
3381.75297000,0.00000000,0.00011124,0
3387.52270000,0.00000000,0.00047938,0
3388.77439000,0.00000000,0.00005012,0
3389.51349000,0.00000000,0.00004595,0
3403.75900000,0.00000000,0.00009215,0
3403.86629000,0.00000000,0.00004632,0
3437.49523000,0.00016618,0.00019813,1
3449.95260000,0.00000000,0.00005906,0
3454.76866000,0.00000000,0.00013231,0
3454.86403000,0.00000000,0.00016512,0
3454.94747000,0.00000000,0.00026975,0
3461.73048000,0.00000000,0.00006455,0
3480.73244000,0.00000000,0.00018648,0
3480.83973000,0.00000000,0.00028689,0
3487.89692000,0.00000000,0.00004111,0
3489.97116000,0.00000000,0.00008310,0
3496.08660000,0.00000000,0.00007823,0
3506.11210000,0.00000000,0.00005568,0
3506.18362000,0.00000000,0.00006852,0
3507.92408000,0.00000000,0.00009982,0
3508.03137000,0.00000000,0.00026301,0
3508.13866000,0.00000000,0.00005009,0
3513.50307000,0.00000000,0.00004942,0
3513.59844000,0.00000000,0.00008647,0
3515.55347000,0.00000000,0.00010798,0
3524.60146000,0.00000000,0.00006192,0
3524.62530000,0.00000000,0.00005323,0
3524.85180000,0.00004835,0.00011785,3
3551.51892000,0.00000000,0.00005781,0
3553.65276000,0.00000000,0.00024768,0
3586.54261000,0.00000000,0.00004546,0
3586.64989000,0.00000000,0.00011622,0
3590.39307000,0.00000000,0.00006850,0
3592.75341000,0.00000000,0.00013822,0
3592.87262000,0.00000000,0.00014324,0
3592.92030000,0.00000000,0.00009996,0
3593.93358000,0.00005343,0.00006137,1
3608.34599000,0.00000000,0.00004418,0
3635.96678000,0.00000000,0.00030131,0
3642.35640000,0.00000000,0.00004438,0
3644.51408000,0.00000000,0.00004179,0
3644.52600000,0.00000000,0.00004303,0
3652.56071000,0.00000000,0.00009169,0
3659.67751000,0.00004913,0.00005639,1
3676.95093000,0.00000000,0.00004467,0
3682.48224000,0.00000000,0.00025856,0
3685.42671000,0.00017303,0.00020913,1
3688.87186000,0.00000000,0.00007669,0
3709.24473000,0.00000000,0.00012344,0
3726.04132000,0.00000000,0.00004003,0
3757.92980000,0.00000000,0.00004999,0
3765.71417000,0.00000000,0.00004428,0
3779.17290000,0.00007228,0.00008184,1
3783.41675000,0.00004674,0.00005770,1
3783.42867000,0.00004934,0.00005868,1
3795.08734000,0.00000000,0.00066220,0
3795.15886000,0.00006014,0.00013956,6
3813.80320000,0.00000000,0.00004166,0
3867.70964000,0.00000000,0.00004403,0
3868.23416000,0.00000000,0.00033639,0
3909.77859000,0.00000000,0.00007497,0
3918.07556000,0.00000000,0.00005203,0
3940.04583000,0.00000000,0.00006610,0
3944.01550000,0.00000000,0.00004770,0
3949.03421000,0.00000000,0.00014514,0
3956.46095000,0.00000000,0.00007717,0
3957.21197000,0.00000000,0.00005492,0
3966.00962000,0.00000000,0.00025252,0
3987.78915000,0.00000000,0.00005397,0
4003.84665000,0.00000000,0.00004790,0
4006.77919000,0.00006735,0.00007610,1
4032.58801000,0.00000000,0.00004387,0
4095.74509000,0.00000000,0.00026153,0
4098.27232000,0.00000000,0.00006464,0
4110.57472000,0.00000000,0.00004540,0
4111.33766000,0.00000000,0.00006917,0
4147.76802000,0.00000000,0.00027356,0
4150.93899000,0.00000000,0.00007796,0
4151.97611000,0.00000000,0.00006308,0
4163.24139000,0.00000000,0.00006087,0
4165.12489000,0.00000000,0.00005652,0
4248.95287000,0.00000000,0.00005888,0
4276.78823000,0.00000000,0.00004931,0
4280.93672000,0.00000000,0.00013010,0
4282.96328000,0.00004838,0.00006024,1
4282.97520000,0.00005043,0.00005970,1
4297.23263000,0.00000000,0.00018769,0
4316.43724000,0.00000000,0.00004523,0
4344.82098000,0.00000000,0.00004331,0
4344.91634000,0.00000000,0.00015870,0
4349.82777000,0.00000000,0.00020669,0
4360.49700000,0.00007295,0.00020093,3
4361.56988000,0.00000000,0.00004887,0
4372.56098000,0.00007613,0.00024053,4
4375.00477000,0.00006977,0.00010622,2
4403.18584000,0.00000000,0.00005793,0
4418.74266000,0.00000000,0.00006376,0
4447.32904000,0.00000000,0.00006683,0
4449.51057000,0.00000000,0.00026885,0
4450.55962000,0.00000000,0.00006359,0
4450.59538000,0.00000000,0.00004945,0
4459.16653000,0.00000000,0.00004938,0
4468.40525000,0.00008699,0.00075696,7
4473.51933000,0.00000000,0.00015360,0
4477.82278000,0.00005903,0.00007861,2
4477.83470000,0.00005604,0.00007877,2
4478.13272000,0.00007015,0.00007998,1
4478.77645000,0.00000000,0.00010922,0
4482.28121000,0.00000000,0.00005048,0
4482.59115000,0.00000000,0.00007961,0
4490.38744000,0.00000000,0.00018898,0
4495.58496000,0.00000000,0.00004778,0
4505.10979000,0.00000000,0.00030252,0
4507.95889000,0.00000000,0.00009661,0
4508.51917000,0.00000000,0.00004027,0
4518.25857000,0.00000000,0.00004705,0
4525.42305000,0.00000000,0.00026366,0
4527.56882000,0.00000000,0.00009210,0
4530.14374000,0.00000000,0.00004760,0
4532.11069000,0.00000000,0.00006287,0
4544.86609000,0.00000000,0.00026514,0
4544.97337000,0.00000000,0.00007404,0
4545.62902000,0.00000000,0.00083153,0
4598.27185000,0.00000000,0.00083805,0
4606.97412000,0.00000000,0.00006176,0
4608.50000000,0.00000000,0.00018171,0
4613.67369000,0.00000000,0.00011467,0
4615.19957000,0.00000000,0.00006720,0
4618.89505000,0.00000000,0.00016829,0
4623.09122000,0.00000000,0.00008370,0
4625.78535000,0.00000000,0.00004066,0
4625.86880000,0.00000000,0.00009391,0
4628.32451000,0.00000000,0.00033276,0
4629.33779000,0.00000000,0.00004286,0
4631.69813000,0.00000000,0.00018934,0
4631.81734000,0.00000000,0.00011256,0
4632.52068000,0.00000000,0.00016034,0
4632.93791000,0.00000000,0.00024631,0
4633.34322000,0.00000000,0.00008838,0
4634.45187000,0.00000000,0.00011604,0
4637.68244000,0.00000000,0.00083028,0
4637.77781000,0.00000000,0.00023012,0
4638.48114000,0.00000000,0.00220643,0
4648.55433000,0.00000000,0.00004668,0
4649.92523000,0.00000000,0.00014940,0
4658.86593000,0.00000000,0.00014513,0
4659.16395000,0.00004834,0.00011518,3
4659.80768000,0.00000000,0.00004252,0
4661.01170000,0.00000000,0.00006076,0
4661.10706000,0.00007923,0.00021342,3
4665.07673000,0.00000000,0.00004915,0
4665.17210000,0.00000000,0.00005143,0
4674.12472000,0.00000000,0.00004903,0
4675.98438000,0.00000000,0.00004424,0
4679.32224000,0.00000000,0.00009389,0
4683.84027000,0.00000000,0.00009226,0
4692.48295000,0.00017491,0.00019978,1
4693.77041000,0.00000000,0.00005391,0
4693.99691000,0.00000000,0.00006795,0
4699.83816000,0.00000000,0.00004396,0
4710.25705000,0.00000000,0.00018259,0
4721.72499000,0.00000000,0.00005857,0
4723.50121000,0.00000000,0.00006070,0
4723.62041000,0.00000000,0.00039159,0
4724.20454000,0.00000000,0.00005729,0
4724.76482000,0.00000000,0.00024860,0
4726.48144000,0.00000000,0.00018978,0
4727.87619000,0.00000000,0.00004558,0
4729.19941000,0.00000000,0.00005152,0
4731.90546000,0.00000000,0.00005855,0
4732.00083000,0.00000000,0.00005366,0
4733.62207000,0.00000000,0.00032776,0
4745.73374000,0.00000000,0.00007244,0
4750.46635000,0.00000000,0.00007110,0
4750.99087000,0.00000000,0.00008055,0
4751.08624000,0.00009280,0.00025770,3
4752.71940000,0.00000000,0.00066548,0
4752.81477000,0.00000000,0.00005207,0
4753.04127000,0.00004991,0.00015972,4
4753.14856000,0.00019044,0.00054619,3
4765.33175000,0.00000000,0.00009348,0
4773.79560000,0.00000000,0.00012004,0
4780.13754000,0.00000000,0.00005553,0
4780.67398000,0.00000000,0.00007891,0
4786.51524000,0.00000000,0.00005457,0
4788.21993000,0.00000000,0.00004361,0
4805.75562000,0.00005748,0.00006851,1
4811.97834000,0.00000000,0.00004585,0
4840.06405000,0.00000000,0.00038342,0
4842.32903000,0.00000000,0.00005613,0
4846.38214000,0.00000000,0.00004267,0
4848.73056000,0.00000000,0.00008102,0
4853.51086000,0.00008132,0.00019591,3
4856.97985000,0.00000000,0.00004501,0
4864.31122000,0.00000000,0.00015177,0
4867.94710000,0.00000000,0.00007526,0
4868.31665000,0.00000000,0.00005461,0
4869.28225000,0.00004061,0.00005156,1
4874.53938000,0.00000000,0.00004418,0
4874.74203000,0.00000000,0.00011231,0
4881.53696000,0.00000000,0.00008439,0
4881.87075000,0.00000000,0.00006582,0
4883.48007000,0.00000000,0.00024197,0
4884.75561000,0.00051743,0.00057696,1
4884.80330000,0.00038493,0.00078875,6
4892.08698000,0.00000000,0.00004497,0
4895.47253000,0.00000000,0.00006971,0
4897.72558000,0.00000000,0.00009632,0
4899.56141000,0.00000000,0.00006929,0
4901.23034000,0.00000000,0.00005585,0
4902.56548000,0.00000000,0.00006579,0
4903.62644000,0.00000000,0.00012251,0
4906.98814000,0.00007709,0.00009203,1
4960.01244000,0.00000000,0.00005192,0
4968.32132000,0.00000000,0.00021383,0
4968.41669000,0.00000000,0.00011037,0
4971.31348000,0.00000000,0.00005672,0
4993.64138000,0.00006794,0.00007729,1
5012.59565000,0.00000000,0.00013483,0
5016.13617000,0.00006683,0.00022272,4
5021.92974000,0.00000000,0.00004210,0
5027.65179000,0.00017496,0.00051042,3
5039.81113000,0.00000000,0.00004569,0
5043.56623000,0.00000000,0.00006697,0
5049.02601000,0.00000000,0.00038532,0
5053.79438000,0.00000000,0.00010003,0
5053.88975000,0.00000000,0.00054272,0
5055.68981000,0.00000000,0.00005662,0
5055.72557000,0.00000000,0.00008834,0
5055.82094000,0.00000000,0.00008886,0
5058.24089000,0.00000000,0.00008471,0
5060.26745000,0.00000000,0.00004061,0
5074.93019000,0.00000000,0.00021251,0
5079.15020000,0.00000000,0.00005775,0
5088.77039000,0.00000000,0.00016749,0
5094.86198000,0.00000000,0.00007066,0
5115.12756000,0.00000000,0.00004076,0
5115.19909000,0.00000000,0.00011707,0
5115.28254000,0.00000000,0.00008712,0
5130.76782000,0.00000000,0.00007821,0
5130.86319000,0.00000000,0.00013746,0
5137.89654000,0.00000000,0.00004791,0
5163.02586000,0.00000000,0.00011818,0
5166.85247000,0.00000000,0.00007451,0
5180.21584000,0.00000000,0.00011677,0
5187.86907000,0.00000000,0.00005172,0
5193.68649000,0.00000000,0.00013188,0
5197.39389000,0.00000000,0.00022214,0
5197.44158000,0.00000000,0.00043590,0
5209.72013000,0.00000000,0.00004238,0
5210.57844000,0.00000000,0.00007547,0
5210.66189000,0.00004091,0.00010744,3
5225.84915000,0.00000000,0.00005288,0
5244.10009000,0.00000000,0.00005818,0
5251.82486000,0.00000000,0.00008163,0
5256.64091000,0.00000000,0.00009103,0
5257.26080000,0.00000000,0.00007013,0
5266.48760000,0.00000000,0.00006864,0
5280.86424000,0.00000000,0.00014409,0
5309.17645000,0.00000000,0.00005783,0
5311.56063000,0.00000000,0.00010997,0
5312.50238000,0.00030745,0.00054264,5
5317.66415000,0.00000000,0.00004140,0
5326.23529000,0.00000000,0.00012585,0
5349.54071000,0.00000000,0.00008286,0
5362.05769000,0.00000000,0.00004550,0
5363.21402000,0.00000000,0.00004096,0
5363.22594000,0.00000000,0.00004257,0
5366.36114000,0.00000000,0.00017739,0
5373.70443000,0.00000000,0.00004073,0
5374.01438000,0.00000000,0.00022114,0
5377.53105000,0.00000000,0.00005058,0
5380.38015000,0.00000000,0.00031580,0
5380.46360000,0.00000000,0.00029035,0
5380.79739000,0.00000000,0.00004587,0
5380.88083000,0.00000000,0.00011561,0
5386.11412000,0.00000000,0.00005992,0
5387.25853000,0.00000000,0.00012572,0
5387.34198000,0.00000000,0.00004442,0
5390.95402000,0.00000000,0.00008254,0
5403.97167000,0.00000000,0.00004448,0
5432.98721000,0.00000000,0.00006518,0
5446.56515000,0.00000000,0.00016804,0
5463.83858000,0.00000000,0.00004306,0
5465.53135000,0.00000000,0.00004272,0
5466.52079000,0.00007456,0.00010015,2
5466.53271000,0.00007826,0.00010462,2
5492.01965000,0.00000000,0.00004851,0
5494.17734000,0.00000000,0.00004852,0
5499.49408000,0.00000000,0.00021447,0
5500.86498000,0.00000000,0.00006292,0
5503.48759000,0.00000000,0.00017673,0
5505.38301000,0.00000000,0.00012456,0
5512.34484000,0.00000000,0.00004300,0
5514.21642000,0.00000000,0.00004052,0
5515.37275000,0.00000000,0.00004895,0
5515.75422000,0.00000000,0.00006925,0
5515.81383000,0.00000000,0.00008633,0
5519.83118000,0.00000000,0.00006301,0
5527.47250000,0.00019088,0.00023758,1
5527.48442000,0.00019694,0.00024533,1
5531.75211000,0.00000000,0.00005062,0
5531.77595000,0.00000000,0.00004097,0
5535.42376000,0.00000000,0.00004126,0
5547.30892000,0.00000000,0.00005114,0
5548.65599000,0.00000000,0.00004323,0
5549.28780000,0.00000000,0.00010019,0
5549.51429000,0.00000000,0.00006024,0
5549.93153000,0.00000000,0.00004223,0
5550.25339000,0.00000000,0.00012376,0
5550.45605000,0.00000000,0.00004174,0
5551.43356000,0.00000000,0.00006716,0
5551.52893000,0.00000000,0.00004213,0
5551.67198000,0.00000000,0.00005058,0
5552.12498000,0.00000000,0.00011177,0
5552.74487000,0.00000000,0.00006030,0
5554.49724000,0.00000000,0.00004718,0
5554.54493000,0.00000000,0.00009215,0
5554.59261000,0.00000000,0.00004841,0
5556.05888000,0.00004812,0.00006020,1
5570.19711000,0.00000000,0.00008241,0
5575.51384000,0.00000000,0.00004084,0
5586.43341000,0.00000000,0.00005510,0
5588.80568000,0.00007064,0.00008953,1
5601.84717000,0.00000000,0.00004511,0
5608.06990000,0.00000000,0.00004797,0
5618.32190000,0.00000000,0.00005477,0
5618.36958000,0.00000000,0.00006811,0
5626.67847000,0.00006518,0.00007325,1
5645.27512000,0.00000000,0.00007715,0
5682.23000000,0.00000000,0.00007789,0
5688.72690000,0.00000000,0.00005630,0
5694.52047000,0.00000000,0.00066033,0
5694.79465000,0.00000000,0.00011631,0
5699.65839000,0.00000000,0.00011173,0
5701.17235000,0.00000000,0.00016888,0
5702.06642000,0.00000000,0.00017340,0
5702.13795000,0.00000000,0.00005845,0
5702.82936000,0.00012479,0.00030047,3
5705.24931000,0.00000000,0.00007746,0
5712.83102000,0.00000000,0.00011859,0
5713.21249000,0.00000000,0.00031666,0
5713.40322000,0.00000000,0.00015970,0
5721.56906000,0.00000000,0.00064115,0
5721.65251000,0.00000000,0.00057726,0
5722.11742000,0.00006091,0.00037206,7
5722.12934000,0.00005950,0.00040416,7
5729.42495000,0.00000000,0.00004333,0
5734.57479000,0.00000000,0.00004742,0
5735.15892000,0.00000000,0.00010214,0
5741.67967000,0.00000000,0.00033516,0
5744.27843000,0.00000000,0.00009315,0
5746.68646000,0.00006767,0.00019784,3
5746.76991000,0.00000000,0.00007347,0
5749.44019000,0.00000000,0.00005591,0
5755.61523000,0.00000000,0.00004065,0
5756.97422000,0.00000000,0.00005217,0
5763.25655000,0.00000000,0.00005267,0
5763.28039000,0.00000000,0.00004469,0
5766.64209000,0.00000000,0.00004295,0
5767.30967000,0.00004169,0.00008511,6
5767.50040000,0.00000000,0.00006642,0
5768.59713000,0.00000000,0.00008525,0
5769.25278000,0.00006926,0.00014628,6
5770.33758000,0.00000000,0.00007446,0
5771.63696000,0.00000000,0.00005107,0
5774.73640000,0.00000000,0.00006211,0
5782.02009000,0.00000000,0.00013742,0
5782.27043000,0.00000000,0.00008116,0
5784.28507000,0.00000000,0.00004331,0
5785.94208000,0.00000000,0.00004599,0
5790.72237000,0.00000000,0.00007950,0
5790.84158000,0.00000000,0.00008751,0
5790.97271000,0.00000000,0.00017777,0
5821.78831000,0.00000000,0.00005561,0
5822.32475000,0.00000000,0.00006010,0
5823.85063000,0.00000000,0.00005253,0
5828.83358000,0.00000000,0.00008977,0
5828.92895000,0.00000000,0.00009442,0
5856.34708000,0.00000000,0.00018663,0
5857.70607000,0.00000000,0.00004314,0
5871.26017000,0.00000000,0.00004365,0
5878.82996000,0.00000000,0.00004412,0
5896.25835000,0.00000000,0.00004584,0
5903.36323000,0.00000000,0.00008794,0
5904.96063000,0.00000000,0.00024698,0
5907.66668000,0.00000000,0.00013944,0
5908.95414000,0.00000000,0.00004191,0
5924.01028000,0.00000000,0.00004340,0
5934.57222000,0.00000000,0.00016564,0
5940.93800000,0.00000000,0.00101824,0
5946.45739000,0.00000000,0.00014690,0
5947.88790000,0.00000000,0.00007392,0
5955.68419000,0.00000000,0.00069047,0
5959.99956000,0.00000000,0.00010155,0
5969.19060000,0.00000000,0.00004917,0
5971.72976000,0.00000000,0.00019366,0
5977.17762000,0.00000000,0.00007991,0
5977.45180000,0.00000000,0.00004585,0
5978.93000000,0.00000000,0.00031674,0
5979.38299000,0.00010906,0.00014204,1
5994.30799000,0.00000000,0.00015301,0
5994.51065000,0.00000000,0.00004393,0
5995.10670000,0.00000000,0.00004573,0
6008.93497000,0.00000000,0.00009176,0
6012.67815000,0.00004429,0.00006291,2
6014.41860000,0.00000000,0.00006817,0
6018.81742000,0.00000000,0.00005758,0
6019.98568000,0.00000000,0.00004076,0
6021.70229000,0.00009755,0.00011640,1
6022.09568000,0.00029521,0.00041732,2
6026.86405000,0.00000000,0.00004974,0
6030.15423000,0.00000000,0.00005060,0
6030.17807000,0.00000000,0.00005673,0
6031.31056000,0.00000000,0.00008040,0
6033.63514000,0.00000000,0.00066963,0
6037.10413000,0.00005248,0.00005984,1
6040.91883000,0.00005571,0.00010710,6
6044.16132000,0.00000000,0.00008536,0
6046.64087000,0.00000000,0.00015705,0
6046.73624000,0.00000000,0.00005166,0
6050.14563000,0.00000000,0.00006855,0
6051.96953000,0.00000000,0.00004908,0
6052.17218000,0.00000000,0.00004322,0
6052.54173000,0.00000000,0.00007207,0
6057.22666000,0.00000000,0.00062550,0
6057.31010000,0.00000000,0.00009406,0
6064.47458000,0.00000000,0.00006071,0
6064.60571000,0.00000000,0.00078182,0
6068.89725000,0.00000000,0.00010349,0
6073.52257000,0.00000000,0.00015830,0
6077.76642000,0.00219342,0.00276338,1
6079.31614000,0.00000000,0.00030961,0
6085.55079000,0.00000000,0.00011820,0
6088.85288000,0.00004112,0.00005382,1
6090.10458000,0.00026408,0.00031712,1
6095.44516000,0.00007772,0.00011225,2
6095.71934000,0.00010682,0.00013208,1
6097.34058000,0.00000000,0.00019182,0
6101.46523000,0.00014931,0.00017907,1
6106.75812000,0.00000000,0.00004525,0
6109.76219000,0.00006769,0.00008973,2
6110.25095000,0.00000000,0.00008933,0
6110.71587000,0.00000000,0.00008872,0
6119.41814000,0.00000000,0.00018345,0
6121.54007000,0.00000000,0.00004809,0
6121.61160000,0.00000000,0.00013303,0
6122.04075000,0.00005237,0.00008226,5
6123.45934000,0.00000000,0.00004972,0
6123.81697000,0.00000000,0.00004330,0
6124.24612000,0.00011426,0.00015376,2
6125.36669000,0.00013960,0.00019392,2
6129.16946000,0.00000000,0.00005169,0
6131.67286000,0.00000000,0.00005028,0
6131.80399000,0.00000000,0.00227309,0
6131.86359000,0.00000000,0.00230650,0
6138.55124000,0.00000000,0.00004327,0
6144.88125000,0.00000000,0.00004019,0
6145.31040000,0.00000000,0.00013633,0
6145.41769000,0.00000000,0.00004227,0
6148.42176000,0.00000000,0.00004441,0
6151.18742000,0.00000000,0.00020900,0
6151.29471000,0.00000000,0.00006032,0
6153.66697000,0.00000000,0.00005335,0
6155.87234000,0.00000000,0.00021943,0
6157.08828000,0.00000000,0.00005015,0
6158.95987000,0.00444174,0.00589590,2
6162.29773000,0.00000000,0.00005021,0
6166.55350000,0.00000000,0.00004236,0
6166.85152000,0.00000000,0.00004777,0
6167.00649000,0.00000000,0.00004384,0
6167.10186000,0.00000000,0.00004378,0
6167.16146000,0.00000000,0.00004569,0
6167.25683000,0.00000000,0.00004442,0
6167.30452000,0.00000000,0.00004290,0
6167.35220000,0.00000000,0.00004817,0
6167.39988000,0.00000000,0.00004342,0
6167.45949000,0.00000000,0.00005045,0
6167.50717000,0.00000000,0.00004615,0
6167.55486000,0.00000000,0.00005256,0
6167.60254000,0.00000000,0.00005513,0
6167.65022000,0.00000000,0.00005463,0
6167.70983000,0.00000000,0.00006416,0
6167.75751000,0.00000000,0.00005035,0
6167.80519000,0.00000000,0.00007141,0
6167.85288000,0.00000000,0.00006846,0
6167.90056000,0.00000000,0.00006996,0
6167.94825000,0.00000000,0.00007460,0
6168.00785000,0.00000000,0.00007701,0
6168.05553000,0.00000000,0.00008263,0
6168.10322000,0.00000000,0.00009720,0
6168.15090000,0.00000000,0.00010486,0
6168.19859000,0.00000000,0.00010627,0
6168.24627000,0.00000000,0.00010797,0
6168.30587000,0.00000000,0.00012554,0
6168.35356000,0.00000000,0.00014689,0
6168.40124000,0.00000000,0.00015782,0
6168.44893000,0.00000000,0.00018620,0
6168.49661000,0.00000000,0.00023136,0
6168.54429000,0.00000000,0.00027001,0
6168.59198000,0.00000000,0.00033829,0
6168.63966000,0.00005049,0.00052633,7
6168.67542000,0.00008322,0.00102237,-1
6168.80655000,0.00010301,0.05279160,0
6168.84232000,0.00010564,0.05105439,0
6169.03305000,0.00000000,0.00047782,0
6169.08073000,0.00000000,0.00030939,0
6169.17610000,0.00000000,0.00020586,0
6169.27147000,0.00000000,0.00014610,0
6169.31915000,0.00000000,0.00013613,0
6169.36684000,0.00000000,0.00013935,0
6169.41452000,0.00000000,0.00010742,0
6169.46220000,0.00000000,0.00011323,0
6169.50989000,0.00000000,0.00009259,0
6169.55757000,0.00000000,0.00008922,0
6169.61718000,0.00000000,0.00008129,0
6169.66486000,0.00000000,0.00007400,0
6169.71254000,0.00000000,0.00008804,0
6169.76023000,0.00000000,0.00006523,0
6169.80791000,0.00000000,0.00006733,0
6169.86752000,0.00000000,0.00006345,0
6169.91520000,0.00000000,0.00006152,0
6169.96288000,0.00000000,0.00005885,0
6170.01057000,0.00000000,0.00004860,0
6170.05825000,0.00000000,0.00006119,0
6170.11786000,0.00000000,0.00005152,0
6170.16554000,0.00000000,0.00004123,0
6170.21322000,0.00000000,0.00005250,0
6170.30859000,0.00000000,0.00005093,0
6170.35627000,0.00000000,0.00004764,0
6170.46356000,0.00000000,0.00004015,0
6170.51125000,0.00000000,0.00004454,0
6170.65430000,0.00000000,0.00004222,0
6173.76566000,0.00000000,0.00005291,0
6176.13792000,0.00042246,0.00066747,5
6176.67437000,0.00000000,0.00010125,0
6177.74725000,0.00018931,0.00031101,5
6204.21171000,0.00000000,0.00012794,0
6206.61974000,0.00000000,0.00017881,0
6206.70319000,0.00000000,0.00006547,0
6213.65309000,0.00009010,0.00014131,5
6215.54852000,0.00000000,0.00006382,0
6215.76309000,0.00000000,0.00007126,0
6217.40818000,0.00000000,0.00015940,0
6218.30225000,0.00000000,0.00006423,0
6223.92893000,0.00000000,0.00010825,0
6226.28927000,0.00000000,0.00004780,0
6226.57537000,0.00000000,0.00012980,0
6226.98069000,0.00000000,0.00032643,0
6227.60057000,0.00000000,0.00004355,0
6228.16086000,0.00000000,0.00006863,0
6237.98370000,0.00000000,0.00007396,0
6241.02354000,0.00000000,0.00004844,0
6241.11891000,0.00000000,0.00008015,0
6246.82903000,0.00000000,0.00008668,0
6247.47276000,0.00000000,0.00008774,0
6249.84503000,0.00000000,0.00007828,0
6249.88079000,0.00000000,0.00007583,0
6250.00000000,0.00543152,0.01367219,3
6250.11921000,0.00000000,0.00009223,0
6250.15497000,0.00000000,0.00004961,0
6255.37634000,0.00000000,0.00009512,0
6259.53674000,0.00023040,0.00059755,3
6260.29968000,0.00000000,0.00067441,0
6260.40697000,0.00000000,0.00116281,0
6260.55002000,0.00000000,0.00005449,0
6262.25471000,0.00000000,0.00004137,0
6266.09325000,0.00000000,0.00024593,0
6266.99924000,0.00000000,0.00005246,0
6280.04074000,0.00000000,0.00007716,0
6280.62487000,0.00004820,0.00008722,5
6280.64871000,0.00004876,0.00009627,6
6283.47397000,0.00000000,0.00006695,0
6283.59318000,0.00004917,0.00008870,5
6283.70047000,0.00000000,0.00004797,0
6287.12177000,0.00000000,0.00005260,0
6287.51516000,0.00000000,0.00012831,0
6288.25426000,0.00014975,0.00031956,6
6288.79070000,0.00000000,0.00004499,0
6296.26513000,0.00000000,0.00004397,0
6296.53931000,0.00000000,0.00040979,0
6297.68372000,0.00000000,0.00007156,0
6298.74468000,0.00000000,0.00005075,0
6300.75932000,0.00004395,0.00008158,5
6301.17655000,0.00000000,0.00011587,0
6301.29576000,0.00000000,0.00026851,0
6304.69322000,0.00000000,0.00034138,0
6304.81243000,0.00000000,0.00005324,0
6307.00588000,0.00000000,0.00007990,0
6307.79266000,0.00000000,0.00004871,0
6309.64041000,0.00006139,0.00011161,5
6311.01131000,0.00000000,0.00067491,0
6311.88154000,0.00000000,0.00024543,0
6312.42990000,0.00000000,0.00007772,0
6316.51878000,0.00015558,0.00037911,3
6316.53070000,0.00016362,0.00039865,3
6317.81816000,0.00000000,0.00007862,0
6317.93737000,0.00000000,0.00010752,0
6319.21291000,0.00000000,0.00005699,0
6319.92817000,0.00000000,0.00004547,0
6319.97585000,0.00000000,0.00012803,0
6320.11890000,0.00000000,0.00014946,0
6320.39309000,0.00000000,0.00014328,0
6324.79191000,0.00000000,0.00007337,0
6327.97480000,0.00000000,0.00008038,0
6328.02248000,0.00000000,0.00004256,0
6328.36819000,0.00000000,0.00011468,0
6329.30994000,0.00000000,0.00079950,0
6332.98159000,0.00000000,0.00007793,0
6333.06503000,0.00000000,0.00015627,0
6333.13656000,0.00000000,0.00010221,0
6336.10487000,0.00006028,0.00010456,5
6337.42809000,0.00000000,0.00005831,0
6338.50098000,0.00000000,0.00005481,0
6339.62154000,0.00000000,0.00021854,0
6344.11573000,0.00099934,0.00163163,5
6344.66410000,0.00000000,0.00016246,0
6345.48664000,0.00000000,0.00005282,0
6348.22845000,0.00000000,0.00115115,0
6348.31190000,0.00000000,0.00151170,0
6348.44303000,0.00000000,0.00011142,0
6349.73049000,0.00000000,0.00005505,0
6349.95699000,0.00029466,0.00045953,5
6351.16100000,0.00000000,0.00007097,0
6351.26829000,0.00005150,0.00007413,2
6351.28021000,0.00005138,0.00007477,2
6351.38750000,0.00000000,0.00005754,0
6351.57824000,0.00000000,0.00006564,0
6353.91474000,0.00026025,0.00033428,1
6358.61158000,0.00000000,0.00005205,0
6361.94944000,0.00000000,0.00013283,0
6361.98521000,0.00000000,0.00009292,0
6362.03289000,0.00000000,0.00006803,0
6362.33091000,0.00000000,0.00005608,0
6363.42764000,0.00000000,0.00006646,0
6363.78527000,0.00000000,0.00011055,0
6365.59725000,0.00006183,0.00011711,10
6366.00256000,0.00000000,0.00048209,0
6366.10985000,0.00000000,0.00004386,0
6369.22121000,0.00000000,0.00004862,0
6369.41195000,0.00000000,0.00012832,0
6374.06111000,0.00000000,0.00005209,0
6376.50490000,0.00000000,0.00008737,0
6378.56722000,0.00000000,0.00014467,0
6381.51169000,0.00037859,0.00166568,8
6388.56888000,0.00000000,0.00006745,0
6389.36758000,0.00000000,0.00007988,0
6390.57159000,0.00009079,0.00011455,1
6390.58352000,0.00009116,0.00011410,1
6391.65640000,0.00000000,0.00008867,0
6392.46702000,0.00008987,0.00012643,2
6394.99426000,0.00000000,0.00010176,0
6395.19691000,0.00000000,0.00004872,0
6395.38765000,0.00036966,0.00147915,4
6395.44725000,0.00014060,0.00054761,4
6395.60223000,0.00004702,0.00005831,1
6400.69246000,0.00000000,0.00014937,0
6402.83823000,0.00040121,0.00046238,1
6404.10185000,0.00000000,0.00004768,0
6405.24626000,0.00000000,0.00006670,0
6406.65293000,0.00000000,0.00005724,0
6408.95367000,0.00000000,0.00018039,0
6409.00135000,0.00000000,0.00009312,0
6409.04903000,0.00000000,0.00025388,0
6409.93118000,0.00000000,0.00034897,0
6413.86509000,0.00000000,0.00029877,0
6414.60419000,0.00000000,0.00017691,0
6414.71148000,0.00004740,0.00016832,4
6417.75131000,0.00000000,0.00004329,0
6417.89436000,0.00000000,0.00005675,0
6417.94205000,0.00000000,0.00006391,0
6417.98973000,0.00000000,0.00007507,0
6418.02549000,0.00005946,0.00013763,6
6418.18047000,0.00744932,0.02884271,4
6418.38312000,0.00000000,0.00008312,0
6418.46657000,0.00000000,0.00005321,0
6418.52617000,0.00000000,0.00004595,0
6418.62154000,0.00000000,0.00004154,0
6418.71691000,0.00000000,0.00004330,0
6419.21759000,0.00000000,0.00006986,0
6419.75403000,0.00000000,0.00005850,0
6426.28670000,0.00000000,0.00010580,0
6426.38206000,0.00000000,0.00017082,0
6426.42975000,0.00000000,0.00007309,0
6429.01659000,0.00005731,0.00007046,1
6429.02851000,0.00005624,0.00007451,2
6429.45766000,0.00005292,0.00038102,7
6429.51727000,0.00000000,0.00096656,0
6431.68688000,0.00000000,0.00005674,0
6431.80609000,0.00000000,0.00005032,0
6431.85377000,0.00000000,0.00004119,0
6431.90145000,0.00000000,0.00004998,0
6431.94914000,0.00000000,0.00005853,0
6431.99682000,0.00000000,0.00007506,0
6432.04451000,0.00000000,0.00009817,0
6432.13987000,0.00007021,0.00028612,4
6432.28292000,0.00968099,0.03445758,4
6432.48558000,0.00000000,0.00011010,0
6432.53326000,0.00000000,0.00009387,0
6432.58095000,0.00000000,0.00008300,0
6432.62863000,0.00000000,0.00005013,0
6432.72400000,0.00000000,0.00005835,0
6432.77168000,0.00000000,0.00004049,0
6432.96242000,0.00000000,0.00005288,0
6435.56118000,0.00000000,0.00004664,0
6435.81152000,0.00000000,0.00004245,0
6436.01418000,0.00000000,0.00005635,0
6439.28051000,0.00000000,0.00007251,0
6440.38916000,0.00000000,0.00005366,0
6443.64357000,0.00000000,0.00018761,0
6443.79854000,0.00000000,0.00004074,0
6444.15617000,0.00000000,0.00007442,0
6450.49810000,0.00000000,0.00014349,0
6453.25184000,0.00000000,0.00011533,0
6455.27840000,0.00000000,0.00024334,0
6458.85468000,0.00000000,0.00005494,0
6459.27191000,0.00000000,0.00004419,0
6459.58185000,0.00004122,0.00005286,1
6459.77259000,0.00000000,0.00022390,0
6465.81650000,0.00000000,0.00008196,0
6466.35294000,0.00000000,0.00053720,0
6467.42582000,0.00000000,0.00004189,0
6470.97826000,0.00000000,0.00004359,0
6473.67239000,0.00000000,0.00004648,0
6475.92545000,0.00000000,0.00004648,0
6476.90296000,0.00004584,0.00023267,8
6481.11105000,0.00000000,0.00004404,0
6482.89919000,0.00000000,0.00005639,0
6483.20913000,0.00000000,0.00010111,0
6484.75885000,0.00000000,0.00004500,0
6486.35626000,0.00000000,0.00044691,0
6486.45163000,0.00000000,0.00053065,0
6486.48739000,0.00005107,0.00047156,7
6490.00406000,0.00000000,0.00021810,0
6490.08751000,0.00000000,0.00023406,0
6494.21215000,0.00000000,0.00004594,0
6498.16990000,0.00007740,0.00011419,2
6498.18182000,0.00008245,0.00012211,2
6506.13308000,0.00000000,0.00004165,0
6506.69336000,0.00004991,0.00017000,4
6518.45932000,0.00000000,0.00006781,0
6518.48316000,0.00000000,0.00005458,0
6523.51379000,0.00000000,0.00004438,0
6524.76549000,0.00000000,0.00008300,0
6526.76821000,0.00000000,0.00004323,0
6527.91262000,0.00000000,0.00004937,0
6528.01991000,0.00000000,0.00014863,0
6533.39624000,0.00000000,0.00009093,0
6536.25727000,0.00000000,0.00005454,0
6536.57913000,0.00000000,0.00007793,0
6538.84411000,0.00000000,0.00017920,0
6545.18604000,0.00000000,0.00008388,0
6545.49599000,0.00000000,0.00005994,0
6545.54367000,0.00000000,0.00004619,0
6546.08011000,0.00000000,0.00005034,0
6546.13972000,0.00000000,0.00018907,0
6546.71192000,0.00000000,0.00026589,0
6546.93842000,0.00000000,0.00004186,0
6547.00994000,0.00000000,0.00004400,0
6547.35565000,0.00000000,0.00009313,0
6547.40334000,0.00000000,0.00004870,0
6551.39685000,0.00000000,0.00066609,0
6552.56510000,0.00000000,0.00005092,0
6553.33996000,0.00000000,0.00005482,0
6557.05929000,0.00000000,0.00009267,0
6557.13081000,0.00000000,0.00005567,0
6559.24082000,0.00008818,0.00018921,6
6561.14817000,0.00005712,0.00006749,1
6562.50715000,0.00007617,0.00009363,1
6562.60252000,0.00000000,0.00007332,0
6563.34162000,0.00000000,0.00008919,0
6564.35490000,0.00004551,0.00029984,7
6564.45026000,0.00000000,0.00017046,0
6570.51802000,0.00000000,0.00020792,0
6570.99485000,0.00000000,0.00007454,0
6575.35791000,0.00000000,0.00066319,0
6579.25606000,0.00000000,0.00005561,0
6579.30374000,0.00000000,0.00009280,0
6581.74753000,0.00000000,0.00008335,0
6589.59150000,0.00000000,0.00005818,0
6593.58501000,0.00000000,0.00031507,0
6593.78767000,0.00000000,0.00069356,0
6595.98112000,0.00000000,0.00010111,0
6597.73350000,0.00000000,0.00024761,0
6597.82887000,0.00000000,0.00033210,0
6603.99199000,0.00000000,0.00008806,0
6605.80397000,0.00000000,0.00009424,0
6611.56178000,0.00000000,0.00005839,0
6611.90748000,0.00000000,0.00004401,0
6611.99093000,0.00000000,0.00032494,0
6612.14590000,0.00000000,0.01118828,0
6612.39624000,0.00000000,0.00006627,0
6612.57505000,0.00000000,0.00005102,0
6613.60025000,0.00000000,0.00005894,0
6620.65744000,0.00007074,0.00008205,1
6625.59271000,0.00000000,0.00005855,0
6626.61791000,0.00000000,0.00037329,0
6626.65367000,0.00004859,0.00026572,8
6626.79672000,0.00000000,0.00006157,0
6627.70271000,0.00000000,0.00004208,0
6630.87368000,0.00000000,0.00005079,0
6631.05249000,0.00000000,0.00004038,0
6633.86583000,0.00000000,0.00006318,0
6642.92574000,0.00010958,0.00012327,1
6643.56947000,0.00000000,0.00004229,0
6645.33377000,0.00000000,0.00005169,0
6663.77544000,0.00000000,0.00005752,0
6666.40997000,0.00000000,0.00026396,0
6666.50534000,0.00000000,0.00175001,0
6668.09082000,0.00000000,0.00007753,0
6673.74134000,0.00005258,0.00036316,7
6673.81287000,0.00000000,0.00121204,0
6674.55196000,0.00000000,0.00006287,0
6674.98112000,0.00000000,0.00006739,0
6676.10168000,0.00000000,0.00010063,0
6677.06728000,0.00000000,0.00004123,0
6677.77061000,0.00005809,0.00015292,3
6677.78254000,0.00005906,0.00015199,3
6687.35504000,0.00000000,0.00116675,0
6688.70211000,0.00000000,0.00004716,0
6705.80864000,0.00000000,0.00004492,0
6706.58350000,0.00000000,0.00004369,0
6717.56268000,0.00000000,0.00007877,0
6717.62228000,0.00000000,0.00010572,0
6717.63420000,0.00000000,0.00011099,0
6730.04389000,0.00004140,0.00031798,7
6730.13926000,0.00000000,0.00004004,0
6736.99379000,0.00000000,0.00009512,0
6743.86024000,0.00000000,0.00024654,0
6749.61805000,0.00000000,0.00008378,0
6751.89495000,0.00000000,0.00023074,0
6759.01175000,0.00000000,0.00030306,0
6765.58018000,0.00000000,0.00007605,0
6766.28351000,0.00000000,0.00039978,0
6768.63194000,0.00000000,0.00005705,0
6772.24398000,0.00000000,0.00006718,0
6772.50624000,0.00005008,0.00011940,3
6776.92890000,0.00000000,0.00004495,0
6777.07195000,0.00000000,0.00004462,0
6784.31988000,0.00000000,0.00004049,0
6790.08961000,0.00000000,0.00005816,0
6791.15057000,0.00000000,0.00004442,0
6793.29634000,0.00000000,0.00004846,0
6793.91623000,0.00000000,0.00016554,0
6800.49658000,0.00000000,0.00010744,0
6803.78675000,0.00000000,0.00004992,0
6804.21591000,0.00000000,0.00007420,0
6808.12597000,0.00000000,0.00004328,0
6813.20429000,0.00000000,0.00008835,0
6813.29966000,0.00000000,0.00018398,0
6824.27883000,0.00000000,0.00006745,0
6827.44980000,0.00000000,0.00006653,0
6831.04992000,0.00000000,0.00004541,0
6840.10983000,0.00000000,0.00007294,0
6840.40785000,0.00000000,0.00019968,0
6840.51514000,0.00000000,0.00008177,0
6842.35096000,0.00010418,0.00011643,1
6843.40000000,0.00000000,0.00004046,0
6859.66015000,0.00000000,0.00018727,0
6860.66151000,0.00000000,0.00005520,0
6862.69999000,0.00000000,0.00213709,0
6869.28034000,0.00009688,0.00011344,1
6871.54531000,0.00000000,0.00005309,0
6878.66211000,0.00000000,0.00005248,0
6879.09126000,0.00000000,0.00053572,0
6879.28200000,0.00000000,0.00114972,0
6889.22405000,0.00000000,0.00010360,0
6889.28366000,0.00007319,0.00008555,1
6892.28773000,0.00000000,0.00004311,0
6895.30373000,0.00012649,0.00015281,1
6905.43652000,0.00007714,0.00020994,3
6909.46579000,0.00000000,0.00007144,0
6914.38913000,0.00000000,0.00008155,0
6922.70994000,0.00009252,0.00081121,7
6922.81723000,0.00000000,0.00006026,0
6923.84243000,0.00000000,0.00041929,0
6923.93780000,0.00000000,0.00007576,0
6925.80938000,0.00000000,0.00004377,0
6929.06380000,0.00000000,0.00006827,0
6930.61352000,0.00000000,0.00004600,0
6932.60431000,0.00004249,0.00045050,7
6936.62167000,0.00000000,0.00007629,0
6936.78856000,0.00000000,0.00009272,0
6938.11178000,0.00000000,0.00005572,0
6940.69862000,0.00000000,0.00005390,0
6943.70270000,0.00000000,0.00061653,0
6945.27626000,0.00004426,0.00031558,7
6945.40739000,0.00000000,0.00013955,0
6945.93191000,0.00000000,0.00006388,0
6956.08854000,0.00000000,0.00005481,0
6960.85691000,0.00000000,0.00008857,0
6963.55104000,0.00000000,0.00007244,0
6968.23597000,0.00000000,0.00015781,0
6968.28365000,0.00000000,0.00011890,0
6970.76321000,0.00004484,0.00013626,4
6974.81632000,0.00000000,0.00004960,0
6974.98322000,0.00009822,0.00030369,4
6993.62755000,0.00000000,0.00004414,0
7006.56176000,0.00000000,0.00008801,0
7008.91018000,0.00000000,0.00011788,0
7011.25860000,0.00000000,0.00009635,0
7011.74736000,0.00000000,0.00006287,0
7016.08658000,0.00005926,0.00019926,4
7019.78207000,0.00004241,0.00004842,1
7019.87743000,0.00000000,0.00013777,0
7025.51603000,0.00000000,0.00011174,0
7025.83790000,0.00000000,0.00020527,0
7025.94519000,0.00000000,0.00004397,0
7045.37630000,0.00000000,0.00015451,0
7045.54319000,0.00000000,0.00097486,0
7047.12868000,0.00000000,0.00018232,0
7070.94669000,0.00000000,0.00032479,0
7080.86491000,0.00000000,0.00004972,0
7090.55662000,0.00000000,0.00005819,0
7109.18903000,0.00000000,0.00013836,0
7116.15086000,0.00000000,0.00007846,0
7122.20669000,0.00000000,0.00004689,0
7122.31398000,0.00000000,0.00007481,0
7123.04115000,0.00000000,0.00004087,0
7123.11268000,0.00000000,0.00009893,0
7123.20805000,0.00000000,0.00005807,0
7135.21242000,0.00000000,0.00006021,0
7138.91983000,0.00000000,0.00004122,0
7138.93175000,0.00000000,0.00004163,0
7141.45899000,0.00000000,0.00020062,0
7163.21468000,0.00000000,0.00004971,0
7164.40678000,0.00000000,0.00004600,0
7164.43062000,0.00000000,0.00005313,0
7181.59676000,0.00000000,0.00005747,0
7187.28304000,0.00000000,0.00006426,0
7187.49762000,0.00037995,0.00045197,1
7187.64067000,0.00000000,0.00008486,0
7199.29934000,0.00000000,0.00032340,0
7200.36030000,0.00000000,0.00026870,0
7203.49550000,0.00000000,0.00006645,0
7217.63372000,0.00000000,0.00026537,0
7218.36090000,0.00000000,0.00068736,0
7218.49203000,0.00000000,0.00004763,0
7233.29782000,0.00000000,0.00004564,0
7234.96675000,0.00000000,0.00004086,0
7248.18707000,0.00000000,0.00004783,0
7248.43740000,0.00000000,0.00004549,0
7253.21770000,0.00006101,0.00122305,0
7253.26538000,0.00010408,0.00063766,7
7255.05352000,0.00000000,0.00004826,0
7255.54228000,0.00000000,0.00005014,0
7256.37674000,0.00000000,0.00005718,0
7257.11584000,0.00000000,0.00004900,0
7257.59268000,0.00000000,0.00006772,0
7260.69212000,0.00000000,0.00004881,0
7260.99014000,0.00004230,0.00004791,1
7261.64579000,0.00000000,0.00020604,0
7265.54394000,0.00000000,0.00046189,0
7266.79564000,0.00000000,0.00004970,0
7266.83140000,0.00000000,0.00007069,0
7271.05141000,0.00000000,0.00011450,0
7272.66073000,0.00000000,0.00004951,0
7272.82763000,0.00000000,0.00016175,0
7281.78024000,0.00000000,0.00004048,0
7284.42669000,0.00000000,0.00006251,0
7284.74855000,0.00000000,0.00004984,0
7285.22539000,0.00000000,0.00010187,0
7288.21754000,0.00008136,0.00010523,1
7288.22947000,0.00008730,0.00011081,1
7292.79518000,0.00000000,0.00013449,0
7296.80061000,0.00000000,0.00184820,0
7296.89598000,0.00004961,0.00010228,6
7297.68276000,0.00000000,0.00009311,0
7298.55299000,0.00000000,0.00005656,0
7303.04718000,0.00000000,0.00005627,0
7305.46713000,0.00000000,0.00004092,0
7306.81419000,0.00000000,0.00008137,0
7308.81691000,0.00000000,0.00010128,0
7308.90036000,0.00000000,0.00073186,0
7309.04341000,0.00000000,0.00009460,0
7309.57985000,0.00000000,0.00006736,0
7310.68850000,0.00000000,0.00017367,0
7312.88195000,0.00000000,0.00011070,0
7320.16563000,0.00000000,0.00005016,0
7321.25044000,0.00000000,0.00026184,0
7325.43468000,0.00000000,0.00014267,0
7325.55389000,0.00000000,0.00004752,0
7329.26130000,0.00009606,0.00016827,5
7329.34475000,0.00000000,0.00049433,0
7329.45204000,0.00000000,0.00014764,0
7334.37538000,0.00000000,0.00006344,0
7334.55420000,0.00000000,0.00005629,0
7338.51194000,0.00000000,0.00016624,0
7341.79020000,0.00000000,0.00007648,0
7345.58105000,0.00000000,0.00038366,0
7345.75987000,0.00000000,0.00004756,0
7345.86716000,0.00000000,0.00059154,0
7345.97445000,0.00000000,0.00010402,0
7350.63553000,0.00000000,0.00007405,0
7352.26870000,0.00000000,0.00010607,0
7355.10588000,0.00010690,0.00013849,1
7355.15356000,0.00008720,0.00017025,6
7355.17740000,0.00004219,0.00018560,8
7355.24893000,0.00006210,0.00008130,-1
7358.76560000,0.00000000,0.00028062,0
7358.87289000,0.00000000,0.00013660,0
7368.74342000,0.00020506,0.00025057,1
7373.29721000,0.00000000,0.00004949,0
7393.88466000,0.00000000,0.00005717,0
7397.91393000,0.00000000,0.00004629,0
7398.81992000,0.00000000,0.00039292,0
7402.20547000,0.00000000,0.00028817,0
7402.71807000,0.00000000,0.00068618,0
7404.04129000,0.00000000,0.00025323,0
7404.07705000,0.00006185,0.00030594,8
7404.13666000,0.00006735,0.00021216,4
7406.30627000,0.00000000,0.00004030,0
7407.90367000,0.00000000,0.00006509,0
7407.93943000,0.00000000,0.00009459,0
7420.67099000,0.00000000,0.00006331,0
7424.36647000,0.00000000,0.00032901,0
7426.67913000,0.00000000,0.00008915,0
7443.07041000,0.00000000,0.00010769,0
7451.27201000,0.00000000,0.00005262,0
7451.28393000,0.00000000,0.00005610,0
7470.22629000,0.00000000,0.00006126,0
7485.68773000,0.00000000,0.00005872,0
7488.04808000,0.00000000,0.00008354,0
7488.08384000,0.00005382,0.00012790,3
7498.31200000,0.00000000,0.00005135,0
7499.62330000,0.00000000,0.00054232,0
7499.99285000,0.00022194,0.00025375,1
7500.69618000,0.00000000,0.00005318,0
7506.02484000,0.00000000,0.00006897,0
7513.89265000,0.00000000,0.00017793,0
7513.98802000,0.00000000,0.00008003,0
7514.65559000,0.00000000,0.00060719,0
7525.82550000,0.00000000,0.00004187,0
7541.54921000,0.00000000,0.00007501,0
7544.45791000,0.00000000,0.00012619,0
7544.89899000,0.00000000,0.00007478,0
7546.01955000,0.00000000,0.00004383,0
7559.63326000,0.00000000,0.00005254,0
7566.77389000,0.00000000,0.00006743,0
7569.84949000,0.00000000,0.00004402,0
7590.93761000,0.00000000,0.00004364,0
7605.23081000,0.00000000,0.00005009,0
7610.49986000,0.00000000,0.00022615,0
7649.04022000,0.00000000,0.00009141,0
7649.12367000,0.00000000,0.00043228,0
7652.31848000,0.00000000,0.00007150,0
7659.22070000,0.00000000,0.00014456,0
7660.98499000,0.00000000,0.00004063,0
7665.99178000,0.00000000,0.00009366,0
7678.74718000,0.00000000,0.00012356,0
7679.79622000,0.00000000,0.00010224,0
7679.89159000,0.00008541,0.00023719,3
7681.42939000,0.00000000,0.00007186,0
7683.09832000,0.00000000,0.00011989,0
7687.95013000,0.00000000,0.00007150,0
7690.08398000,0.00000000,0.00008279,0
7691.14494000,0.00000000,0.00004302,0
7693.98212000,0.00000000,0.00004726,0
7694.10133000,0.00000000,0.00006501,0
7696.89083000,0.00000000,0.00009372,0
7696.97428000,0.00000000,0.00007310,0
7729.38728000,0.00000000,0.00005767,0
7732.21254000,0.00000000,0.00029730,0
7732.30791000,0.00000000,0.00013218,0
7733.02317000,0.00000000,0.00098909,0
7736.81402000,0.00000000,0.00019172,0
7742.48838000,0.00000000,0.00005044,0
7762.63475000,0.00000000,0.00014714,0
7762.73012000,0.00000000,0.00022962,0
7773.99540000,0.00000000,0.00006984,0
7777.38094000,0.00000000,0.00012414,0
7777.46439000,0.00000000,0.00009702,0
7793.27154000,0.00000000,0.00007549,0
7812.26158000,0.00000000,0.00007446,0
7870.45956000,0.00000000,0.00010460,0
7873.16561000,0.00000000,0.00024654,0
7887.31575000,0.00000000,0.00004816,0
7900.92945000,0.00000000,0.00008275,0
7901.02482000,0.00005383,0.00014888,3
7901.03674000,0.00005344,0.00015041,3
7901.94273000,0.00006264,0.00015465,3
7902.03810000,0.00013023,0.00036795,3
7902.95601000,0.00000000,0.00018172,0
7934.64184000,0.00000000,0.00004927,0
7941.01954000,0.00000000,0.00014441,0
7947.87407000,0.00000000,0.00004005,0
7948.81582000,0.00000000,0.00005691,0
7955.05047000,0.00000000,0.00004481,0
7959.12743000,0.00000000,0.00005191,0
7961.14206000,0.00000000,0.00004205,0
7963.66930000,0.00000000,0.00004535,0
7965.57665000,0.00000000,0.00005234,0
7965.99388000,0.00000000,0.00005040,0
7970.67881000,0.00012200,0.00015669,1
7973.68288000,0.00000000,0.00013790,0
7994.13919000,0.00000000,0.00017175,0
7995.61739000,0.00000000,0.00011494,0
